0000   7F 45 4C 46 02 01 01 00 00 00 00 00 00 00 00 00 .ELF............
0010   03 00 3E 00 01 00 00 00 60 10 00 00 00 00 00 00 ..>.....`.......
0020   40 00 00 00 00 00 00 00 78 39 00 00 00 00 00 00 @.......x9......
0030   00 00 00 00 40 00 38 00 0D 00 40 00 1F 00 1E 00 ....@.8...@.....
0040   06 00 00 00 07 00 00 00 40 00 00 00 00 00 00 00 ........@.......
0050   40 00 00 00 00 00 00 00 40 00 00 00 00 00 00 00 @.......@.......
0060   D8 02 00 00 00 00 00 00 D8 02 00 00 00 00 00 00 ................
0070   08 00 00 00 00 00 00 00 03 00 00 00 07 00 00 00 ................
0080   18 03 00 00 00 00 00 00 18 03 00 00 00 00 00 00 ................
0090   18 03 00 00 00 00 00 00 1C 00 00 00 00 00 00 00 ................
00A0   1C 00 00 00 00 00 00 00 01 00 00 00 00 00 00 00 ................
00B0   01 00 00 00 07 00 00 00 00 00 00 00 00 00 00 00 ................
00C0   00 00 00 00 00 00 00 00 00 00 00 00 00 00 00 00 ................
00D0   F8 05 00 00 00 00 00 00 F8 05 00 00 00 00 00 00 ................
00E0   00 10 00 00 00 00 00 00 01 00 00 00 07 00 00 00 ................
00F0   00 10 00 00 00 00 00 00 00 10 00 00 00 00 00 00 ................
0100   00 10 00 00 00 00 00 00 F5 01 00 00 00 00 00 00 ................
0110   F5 01 00 00 00 00 00 00 00 10 00 00 00 00 00 00 ................
0120   01 00 00 00 07 00 00 00 00 20 00 00 00 00 00 00 ......... ......
0130   00 20 00 00 00 00 00 00 00 20 00 00 00 00 00 00 . ....... ......
0140   58 01 00 00 00 00 00 00 58 01 00 00 00 00 00 00 X.......X.......
0150   00 10 00 00 00 00 00 00 01 00 00 00 07 00 00 00 ................
0160   B8 2D 00 00 00 00 00 00 B8 3D 00 00 00 00 00 00 .-.......=......
0170   B8 3D 00 00 00 00 00 00 58 02 00 00 00 00 00 00 .=......X.......
0180   60 02 00 00 00 00 00 00 00 10 00 00 00 00 00 00 `...............
0190   02 00 00 00 07 00 00 00 C8 2D 00 00 00 00 00 00 .........-......
01A0   C8 3D 00 00 00 00 00 00 C8 3D 00 00 00 00 00 00 .=.......=......
01B0   F0 01 00 00 00 00 00 00 F0 01 00 00 00 00 00 00 ................
01C0   08 00 00 00 00 00 00 00 04 00 00 00 07 00 00 00 ................
01D0   38 03 00 00 00 00 00 00 38 03 00 00 00 00 00 00 8.......8.......
01E0   38 03 00 00 00 00 00 00 20 00 00 00 00 00 00 00 8....... .......
01F0   20 00 00 00 00 00 00 00 08 00 00 00 00 00 00 00  ...............
0200   04 00 00 00 07 00 00 00 58 03 00 00 00 00 00 00 ........X.......
0210   58 03 00 00 00 00 00 00 58 03 00 00 00 00 00 00 X.......X.......
0220   44 00 00 00 00 00 00 00 44 00 00 00 00 00 00 00 D.......D.......
0230   04 00 00 00 00 00 00 00 53 E5 74 64 07 00 00 00 ........S.td....
0240   38 03 00 00 00 00 00 00 38 03 00 00 00 00 00 00 8.......8.......
0250   38 03 00 00 00 00 00 00 20 00 00 00 00 00 00 00 8....... .......
0260   20 00 00 00 00 00 00 00 08 00 00 00 00 00 00 00  ...............
0270   50 E5 74 64 07 00 00 00 0C 20 00 00 00 00 00 00 P.td..... ......
0280   0C 20 00 00 00 00 00 00 0C 20 00 00 00 00 00 00 . ....... ......
0290   44 00 00 00 00 00 00 00 44 00 00 00 00 00 00 00 D.......D.......
02A0   04 00 00 00 00 00 00 00 51 E5 74 64 07 00 00 00 ........Q.td....
02B0   00 00 00 00 00 00 00 00 00 00 00 00 00 00 00 00 ................
02C0   00 00 00 00 00 00 00 00 00 00 00 00 00 00 00 00 ................
02D0   00 00 00 00 00 00 00 00 10 00 00 00 00 00 00 00 ................
02E0   52 E5 74 64 07 00 00 00 B8 2D 00 00 00 00 00 00 R.td.....-......
02F0   B8 3D 00 00 00 00 00 00 B8 3D 00 00 00 00 00 00 .=.......=......
0300   48 02 00 00 00 00 00 00 48 02 00 00 00 00 00 00 H.......H.......
0310   01 00 00 00 00 00 00 00 2F 6C 69 62 36 34 2F 6C ......../lib64/l
0320   64 2D 6C 69 6E 75 78 2D 78 38 36 2D 36 34 2E 73 d-linux-x86-64.s
0330   6F 2E 32 00 00 00 00 00 04 00 00 00 10 00 00 00 o.2.............
0340   05 00 00 00 47 4E 55 00 02 00 00 C0 04 00 00 00 ....GNU.........
0350   03 00 00 00 00 00 00 00 04 00 00 00 14 00 00 00 ................
0360   03 00 00 00 47 4E 55 00 F3 AE 9A E9 10 D8 C3 E3 ....GNU.........
0370   25 BF DA F1 5D 78 8D 0D 6B E2 D6 AC 04 00 00 00 %...]x..k.......
0380   10 00 00 00 01 00 00 00 47 4E 55 00 00 00 00 00 ........GNU.....
0390   03 00 00 00 02 00 00 00 00 00 00 00 00 00 00 00 ................
03A0   02 00 00 00 06 00 00 00 01 00 00 00 06 00 00 00 ................
03B0   00 00 81 00 00 00 00 00 06 00 00 00 00 00 00 00 ................
03C0   D1 65 CE 6D 00 00 00 00 00 00 00 00 00 00 00 00 .e.m............
03D0   00 00 00 00 00 00 00 00 00 00 00 00 00 00 00 00 ................
03E0   3D 00 00 00 20 00 00 00 00 00 00 00 00 00 00 00 =... ...........
03F0   00 00 00 00 00 00 00 00 0B 00 00 00 12 00 00 00 ................
0400   00 00 00 00 00 00 00 00 00 00 00 00 00 00 00 00 ................
0410   1F 00 00 00 12 00 00 00 00 00 00 00 00 00 00 00 ................
0420   00 00 00 00 00 00 00 00 59 00 00 00 20 00 00 00 ........Y... ...
0430   00 00 00 00 00 00 00 00 00 00 00 00 00 00 00 00 ................
0440   68 00 00 00 20 00 00 00 00 00 00 00 00 00 00 00 h... ...........
0450   00 00 00 00 00 00 00 00 10 00 00 00 22 00 00 00 ............"...
0460   00 00 00 00 00 00 00 00 00 00 00 00 00 00 00 00 ................
0470   00 6C 69 62 63 2E 73 6F 2E 36 00 70 75 74 73 00 .libc.so.6.puts.
0480   5F 5F 63 78 61 5F 66 69 6E 61 6C 69 7A 65 00 5F __cxa_finalize._
0490   5F 6C 69 62 63 5F 73 74 61 72 74 5F 6D 61 69 6E _libc_start_main
04A0   00 47 4C 49 42 43 5F 32 2E 32 2E 35 00 5F 49 54 .GLIBC_2.2.5._IT
04B0   4D 5F 64 65 72 65 67 69 73 74 65 72 54 4D 43 6C M_deregisterTMCl
04C0   6F 6E 65 54 61 62 6C 65 00 5F 5F 67 6D 6F 6E 5F oneTable.__gmon_
04D0   73 74 61 72 74 5F 5F 00 5F 49 54 4D 5F 72 65 67 start__._ITM_reg
04E0   69 73 74 65 72 54 4D 43 6C 6F 6E 65 54 61 62 6C isterTMCloneTabl
04F0   65 00 00 00 00 00 02 00 02 00 00 00 00 00 02 00 e...............
0500   01 00 01 00 01 00 00 00 10 00 00 00 00 00 00 00 ................
0510   75 1A 69 09 00 00 02 00 31 00 00 00 00 00 00 00 u.i.....1.......
0520   B8 3D 00 00 00 00 00 00 08 00 00 00 00 00 00 00 .=..............
0530   40 11 00 00 00 00 00 00 C0 3D 00 00 00 00 00 00 @........=......
0540   08 00 00 00 00 00 00 00 00 11 00 00 00 00 00 00 ................
0550   08 40 00 00 00 00 00 00 08 00 00 00 00 00 00 00 .@..............
0560   08 40 00 00 00 00 00 00 D8 3F 00 00 00 00 00 00 .@.......?......
0570   06 00 00 00 01 00 00 00 00 00 00 00 00 00 00 00 ................
0580   E0 3F 00 00 00 00 00 00 06 00 00 00 03 00 00 00 .?..............
0590   00 00 00 00 00 00 00 00 E8 3F 00 00 00 00 00 00 .........?......
05A0   06 00 00 00 04 00 00 00 00 00 00 00 00 00 00 00 ................
05B0   F0 3F 00 00 00 00 00 00 06 00 00 00 05 00 00 00 .?..............
05C0   00 00 00 00 00 00 00 00 F8 3F 00 00 00 00 00 00 .........?......
05D0   06 00 00 00 06 00 00 00 00 00 00 00 00 00 00 00 ................
05E0   D0 3F 00 00 00 00 00 00 07 00 00 00 02 00 00 00 .?..............
05F0   00 00 00 00 00 00 00 00 00 00 00 00 00 00 00 00 ................
0600   00 00 00 00 00 00 00 00 00 00 00 00 00 00 00 00 ................
0610   00 00 00 00 00 00 00 00 00 00 00 00 00 00 00 00 ................
0620   00 00 00 00 00 00 00 00 00 00 00 00 00 00 00 00 ................
0630   00 00 00 00 00 00 00 00 00 00 00 00 00 00 00 00 ................
0640   00 00 00 00 00 00 00 00 00 00 00 00 00 00 00 00 ................
0650   00 00 00 00 00 00 00 00 00 00 00 00 00 00 00 00 ................
0660   00 00 00 00 00 00 00 00 00 00 00 00 00 00 00 00 ................
0670   00 00 00 00 00 00 00 00 00 00 00 00 00 00 00 00 ................
0680   00 00 00 00 00 00 00 00 00 00 00 00 00 00 00 00 ................
0690   00 00 00 00 00 00 00 00 00 00 00 00 00 00 00 00 ................
06A0   00 00 00 00 00 00 00 00 00 00 00 00 00 00 00 00 ................
06B0   00 00 00 00 00 00 00 00 00 00 00 00 00 00 00 00 ................
06C0   00 00 00 00 00 00 00 00 00 00 00 00 00 00 00 00 ................
06D0   00 00 00 00 00 00 00 00 00 00 00 00 00 00 00 00 ................
06E0   00 00 00 00 00 00 00 00 00 00 00 00 00 00 00 00 ................
06F0   00 00 00 00 00 00 00 00 00 00 00 00 00 00 00 00 ................
0700   00 00 00 00 00 00 00 00 00 00 00 00 00 00 00 00 ................
0710   00 00 00 00 00 00 00 00 00 00 00 00 00 00 00 00 ................
0720   00 00 00 00 00 00 00 00 00 00 00 00 00 00 00 00 ................
0730   00 00 00 00 00 00 00 00 00 00 00 00 00 00 00 00 ................
0740   00 00 00 00 00 00 00 00 00 00 00 00 00 00 00 00 ................
0750   00 00 00 00 00 00 00 00 00 00 00 00 00 00 00 00 ................
0760   00 00 00 00 00 00 00 00 00 00 00 00 00 00 00 00 ................
0770   00 00 00 00 00 00 00 00 00 00 00 00 00 00 00 00 ................
0780   00 00 00 00 00 00 00 00 00 00 00 00 00 00 00 00 ................
0790   00 00 00 00 00 00 00 00 00 00 00 00 00 00 00 00 ................
07A0   00 00 00 00 00 00 00 00 00 00 00 00 00 00 00 00 ................
07B0   00 00 00 00 00 00 00 00 00 00 00 00 00 00 00 00 ................
07C0   00 00 00 00 00 00 00 00 00 00 00 00 00 00 00 00 ................
07D0   00 00 00 00 00 00 00 00 00 00 00 00 00 00 00 00 ................
07E0   00 00 00 00 00 00 00 00 00 00 00 00 00 00 00 00 ................
07F0   00 00 00 00 00 00 00 00 00 00 00 00 00 00 00 00 ................
0800   00 00 00 00 00 00 00 00 00 00 00 00 00 00 00 00 ................
0810   00 00 00 00 00 00 00 00 00 00 00 00 00 00 00 00 ................
0820   00 00 00 00 00 00 00 00 00 00 00 00 00 00 00 00 ................
0830   00 00 00 00 00 00 00 00 00 00 00 00 00 00 00 00 ................
0840   00 00 00 00 00 00 00 00 00 00 00 00 00 00 00 00 ................
0850   00 00 00 00 00 00 00 00 00 00 00 00 00 00 00 00 ................
0860   00 00 00 00 00 00 00 00 00 00 00 00 00 00 00 00 ................
0870   00 00 00 00 00 00 00 00 00 00 00 00 00 00 00 00 ................
0880   00 00 00 00 00 00 00 00 00 00 00 00 00 00 00 00 ................
0890   00 00 00 00 00 00 00 00 00 00 00 00 00 00 00 00 ................
08A0   00 00 00 00 00 00 00 00 00 00 00 00 00 00 00 00 ................
08B0   00 00 00 00 00 00 00 00 00 00 00 00 00 00 00 00 ................
08C0   00 00 00 00 00 00 00 00 00 00 00 00 00 00 00 00 ................
08D0   00 00 00 00 00 00 00 00 00 00 00 00 00 00 00 00 ................
08E0   00 00 00 00 00 00 00 00 00 00 00 00 00 00 00 00 ................
08F0   00 00 00 00 00 00 00 00 00 00 00 00 00 00 00 00 ................
0900   00 00 00 00 00 00 00 00 00 00 00 00 00 00 00 00 ................
0910   00 00 00 00 00 00 00 00 00 00 00 00 00 00 00 00 ................
0920   00 00 00 00 00 00 00 00 00 00 00 00 00 00 00 00 ................
0930   00 00 00 00 00 00 00 00 00 00 00 00 00 00 00 00 ................
0940   00 00 00 00 00 00 00 00 00 00 00 00 00 00 00 00 ................
0950   00 00 00 00 00 00 00 00 00 00 00 00 00 00 00 00 ................
0960   00 00 00 00 00 00 00 00 00 00 00 00 00 00 00 00 ................
0970   00 00 00 00 00 00 00 00 00 00 00 00 00 00 00 00 ................
0980   00 00 00 00 00 00 00 00 00 00 00 00 00 00 00 00 ................
0990   00 00 00 00 00 00 00 00 00 00 00 00 00 00 00 00 ................
09A0   00 00 00 00 00 00 00 00 00 00 00 00 00 00 00 00 ................
09B0   00 00 00 00 00 00 00 00 00 00 00 00 00 00 00 00 ................
09C0   00 00 00 00 00 00 00 00 00 00 00 00 00 00 00 00 ................
09D0   00 00 00 00 00 00 00 00 00 00 00 00 00 00 00 00 ................
09E0   00 00 00 00 00 00 00 00 00 00 00 00 00 00 00 00 ................
09F0   00 00 00 00 00 00 00 00 00 00 00 00 00 00 00 00 ................
0A00   00 00 00 00 00 00 00 00 00 00 00 00 00 00 00 00 ................
0A10   00 00 00 00 00 00 00 00 00 00 00 00 00 00 00 00 ................
0A20   00 00 00 00 00 00 00 00 00 00 00 00 00 00 00 00 ................
0A30   00 00 00 00 00 00 00 00 00 00 00 00 00 00 00 00 ................
0A40   00 00 00 00 00 00 00 00 00 00 00 00 00 00 00 00 ................
0A50   00 00 00 00 00 00 00 00 00 00 00 00 00 00 00 00 ................
0A60   00 00 00 00 00 00 00 00 00 00 00 00 00 00 00 00 ................
0A70   00 00 00 00 00 00 00 00 00 00 00 00 00 00 00 00 ................
0A80   00 00 00 00 00 00 00 00 00 00 00 00 00 00 00 00 ................
0A90   00 00 00 00 00 00 00 00 00 00 00 00 00 00 00 00 ................
0AA0   00 00 00 00 00 00 00 00 00 00 00 00 00 00 00 00 ................
0AB0   00 00 00 00 00 00 00 00 00 00 00 00 00 00 00 00 ................
0AC0   00 00 00 00 00 00 00 00 00 00 00 00 00 00 00 00 ................
0AD0   00 00 00 00 00 00 00 00 00 00 00 00 00 00 00 00 ................
0AE0   00 00 00 00 00 00 00 00 00 00 00 00 00 00 00 00 ................
0AF0   00 00 00 00 00 00 00 00 00 00 00 00 00 00 00 00 ................
0B00   00 00 00 00 00 00 00 00 00 00 00 00 00 00 00 00 ................
0B10   00 00 00 00 00 00 00 00 00 00 00 00 00 00 00 00 ................
0B20   00 00 00 00 00 00 00 00 00 00 00 00 00 00 00 00 ................
0B30   00 00 00 00 00 00 00 00 00 00 00 00 00 00 00 00 ................
0B40   00 00 00 00 00 00 00 00 00 00 00 00 00 00 00 00 ................
0B50   00 00 00 00 00 00 00 00 00 00 00 00 00 00 00 00 ................
0B60   00 00 00 00 00 00 00 00 00 00 00 00 00 00 00 00 ................
0B70   00 00 00 00 00 00 00 00 00 00 00 00 00 00 00 00 ................
0B80   00 00 00 00 00 00 00 00 00 00 00 00 00 00 00 00 ................
0B90   00 00 00 00 00 00 00 00 00 00 00 00 00 00 00 00 ................
0BA0   00 00 00 00 00 00 00 00 00 00 00 00 00 00 00 00 ................
0BB0   00 00 00 00 00 00 00 00 00 00 00 00 00 00 00 00 ................
0BC0   00 00 00 00 00 00 00 00 00 00 00 00 00 00 00 00 ................
0BD0   00 00 00 00 00 00 00 00 00 00 00 00 00 00 00 00 ................
0BE0   00 00 00 00 00 00 00 00 00 00 00 00 00 00 00 00 ................
0BF0   00 00 00 00 00 00 00 00 00 00 00 00 00 00 00 00 ................
0C00   00 00 00 00 00 00 00 00 00 00 00 00 00 00 00 00 ................
0C10   00 00 00 00 00 00 00 00 00 00 00 00 00 00 00 00 ................
0C20   00 00 00 00 00 00 00 00 00 00 00 00 00 00 00 00 ................
0C30   00 00 00 00 00 00 00 00 00 00 00 00 00 00 00 00 ................
0C40   00 00 00 00 00 00 00 00 00 00 00 00 00 00 00 00 ................
0C50   00 00 00 00 00 00 00 00 00 00 00 00 00 00 00 00 ................
0C60   00 00 00 00 00 00 00 00 00 00 00 00 00 00 00 00 ................
0C70   00 00 00 00 00 00 00 00 00 00 00 00 00 00 00 00 ................
0C80   00 00 00 00 00 00 00 00 00 00 00 00 00 00 00 00 ................
0C90   00 00 00 00 00 00 00 00 00 00 00 00 00 00 00 00 ................
0CA0   00 00 00 00 00 00 00 00 00 00 00 00 00 00 00 00 ................
0CB0   00 00 00 00 00 00 00 00 00 00 00 00 00 00 00 00 ................
0CC0   00 00 00 00 00 00 00 00 00 00 00 00 00 00 00 00 ................
0CD0   00 00 00 00 00 00 00 00 00 00 00 00 00 00 00 00 ................
0CE0   00 00 00 00 00 00 00 00 00 00 00 00 00 00 00 00 ................
0CF0   00 00 00 00 00 00 00 00 00 00 00 00 00 00 00 00 ................
0D00   00 00 00 00 00 00 00 00 00 00 00 00 00 00 00 00 ................
0D10   00 00 00 00 00 00 00 00 00 00 00 00 00 00 00 00 ................
0D20   00 00 00 00 00 00 00 00 00 00 00 00 00 00 00 00 ................
0D30   00 00 00 00 00 00 00 00 00 00 00 00 00 00 00 00 ................
0D40   00 00 00 00 00 00 00 00 00 00 00 00 00 00 00 00 ................
0D50   00 00 00 00 00 00 00 00 00 00 00 00 00 00 00 00 ................
0D60   00 00 00 00 00 00 00 00 00 00 00 00 00 00 00 00 ................
0D70   00 00 00 00 00 00 00 00 00 00 00 00 00 00 00 00 ................
0D80   00 00 00 00 00 00 00 00 00 00 00 00 00 00 00 00 ................
0D90   00 00 00 00 00 00 00 00 00 00 00 00 00 00 00 00 ................
0DA0   00 00 00 00 00 00 00 00 00 00 00 00 00 00 00 00 ................
0DB0   00 00 00 00 00 00 00 00 00 00 00 00 00 00 00 00 ................
0DC0   00 00 00 00 00 00 00 00 00 00 00 00 00 00 00 00 ................
0DD0   00 00 00 00 00 00 00 00 00 00 00 00 00 00 00 00 ................
0DE0   00 00 00 00 00 00 00 00 00 00 00 00 00 00 00 00 ................
0DF0   00 00 00 00 00 00 00 00 00 00 00 00 00 00 00 00 ................
0E00   00 00 00 00 00 00 00 00 00 00 00 00 00 00 00 00 ................
0E10   00 00 00 00 00 00 00 00 00 00 00 00 00 00 00 00 ................
0E20   00 00 00 00 00 00 00 00 00 00 00 00 00 00 00 00 ................
0E30   00 00 00 00 00 00 00 00 00 00 00 00 00 00 00 00 ................
0E40   00 00 00 00 00 00 00 00 00 00 00 00 00 00 00 00 ................
0E50   00 00 00 00 00 00 00 00 00 00 00 00 00 00 00 00 ................
0E60   00 00 00 00 00 00 00 00 00 00 00 00 00 00 00 00 ................
0E70   00 00 00 00 00 00 00 00 00 00 00 00 00 00 00 00 ................
0E80   00 00 00 00 00 00 00 00 00 00 00 00 00 00 00 00 ................
0E90   00 00 00 00 00 00 00 00 00 00 00 00 00 00 00 00 ................
0EA0   00 00 00 00 00 00 00 00 00 00 00 00 00 00 00 00 ................
0EB0   00 00 00 00 00 00 00 00 00 00 00 00 00 00 00 00 ................
0EC0   00 00 00 00 00 00 00 00 00 00 00 00 00 00 00 00 ................
0ED0   00 00 00 00 00 00 00 00 00 00 00 00 00 00 00 00 ................
0EE0   00 00 00 00 00 00 00 00 00 00 00 00 00 00 00 00 ................
0EF0   00 00 00 00 00 00 00 00 00 00 00 00 00 00 00 00 ................
0F00   00 00 00 00 00 00 00 00 00 00 00 00 00 00 00 00 ................
0F10   00 00 00 00 00 00 00 00 00 00 00 00 00 00 00 00 ................
0F20   00 00 00 00 00 00 00 00 00 00 00 00 00 00 00 00 ................
0F30   00 00 00 00 00 00 00 00 00 00 00 00 00 00 00 00 ................
0F40   00 00 00 00 00 00 00 00 00 00 00 00 00 00 00 00 ................
0F50   00 00 00 00 00 00 00 00 00 00 00 00 00 00 00 00 ................
0F60   00 00 00 00 00 00 00 00 00 00 00 00 00 00 00 00 ................
0F70   00 00 00 00 00 00 00 00 00 00 00 00 00 00 00 00 ................
0F80   00 00 00 00 00 00 00 00 00 00 00 00 00 00 00 00 ................
0F90   00 00 00 00 00 00 00 00 00 00 00 00 00 00 00 00 ................
0FA0   00 00 00 00 00 00 00 00 00 00 00 00 00 00 00 00 ................
0FB0   00 00 00 00 00 00 00 00 00 00 00 00 00 00 00 00 ................
0FC0   00 00 00 00 00 00 00 00 00 00 00 00 00 00 00 00 ................
0FD0   00 00 00 00 00 00 00 00 00 00 00 00 00 00 00 00 ................
0FE0   00 00 00 00 00 00 00 00 00 00 00 00 00 00 00 00 ................
0FF0   00 00 00 00 00 00 00 00 00 00 00 00 00 00 00 00 ................
1000   F3 0F 1E FA 48 83 EC 08 48 8B 05 D9 2F 00 00 48 ....H...H.../..H
1010   85 C0 74 02 FF D0 48 83 C4 08 C3 00 00 00 00 00 ..t...H.........
1020   FF 35 9A 2F 00 00 F2 FF 25 9B 2F 00 00 0F 1F 00 .5./....%./.....
1030   F3 0F 1E FA 68 00 00 00 00 F2 E9 E1 FF FF FF 90 ....h...........
1040   F3 0F 1E FA F2 FF 25 AD 2F 00 00 0F 1F 44 00 00 ......%./....D..
1050   F3 0F 1E FA F2 FF 25 75 2F 00 00 0F 1F 44 00 00 ......%u/....D..
1060   F3 0F 1E FA 31 ED 49 89 D1 5E 48 89 E2 48 83 E4 ....1.I..^H..H..
1070   F0 50 54 4C 8D 05 66 01 00 00 48 8D 0D EF 00 00 .PTL..f...H.....
1080   00 48 8D 3D C1 00 00 00 FF 15 52 2F 00 00 F4 90 .H.=......R/....
1090   48 8D 3D 79 2F 00 00 48 8D 05 72 2F 00 00 48 39 H.=y/..H..r/..H9
10A0   F8 74 15 48 8B 05 2E 2F 00 00 48 85 C0 74 09 FF .t.H.../..H..t..
10B0   E0 0F 1F 80 00 00 00 00 C3 0F 1F 80 00 00 00 00 ................
10C0   48 8D 3D 49 2F 00 00 48 8D 35 42 2F 00 00 48 29 H.=I/..H.5B/..H)
10D0   FE 48 89 F0 48 C1 EE 3F 48 C1 F8 03 48 01 C6 48 .H..H..?H...H..H
10E0   D1 FE 74 14 48 8B 05 05 2F 00 00 48 85 C0 74 08 ..t.H.../..H..t.
10F0   FF E0 66 0F 1F 44 00 00 C3 0F 1F 80 00 00 00 00 ..f..D..........
1100   F3 0F 1E FA 80 3D 05 2F 00 00 00 75 2B 55 48 83 .....=./...u+UH.
1110   3D E2 2E 00 00 00 48 89 E5 74 0C 48 8B 3D E6 2E =.....H..t.H.=..
1120   00 00 E8 19 FF FF FF E8 64 FF FF FF C6 05 DD 2E ........d.......
1130   00 00 01 5D C3 0F 1F 00 C3 0F 1F 80 00 00 00 00 ...]............
1140   F3 0F 1E FA E9 77 FF FF FF F3 0F 1E FA 55 48 89 .....w.......UH.
1150   E5 48 83 EC 10 89 7D FC 48 89 75 F0 48 8D 3D A1 .H....}.H.u.H.=.
1160   0E 00 00 E8 E8 FE FF FF B8 00 00 00 00 C9 C3 90 ................
1170   F3 0F 1E FA 41 57 4C 8D 3D 3B 2C 00 00 41 56 49 ....AWL.=;,..AVI
1180   89 D6 41 55 49 89 F5 41 54 41 89 FC 55 48 8D 2D ..AUI..ATA..UH.-
1190   2C 2C 00 00 53 4C 29 FD 48 83 EC 08 E8 5F FE FF ,,..SL).H...._..
11A0   FF 48 C1 FD 03 74 1F 31 DB 0F 1F 80 00 00 00 00 .H...t.1........
11B0   4C 89 F2 4C 89 EE 44 89 E7 41 FF 14 DF 48 83 C3 L..L..D..A...H..
11C0   01 48 39 DD 75 EA 48 83 C4 08 5B 5D 41 5C 41 5D .H9.u.H...[]A\A]
11D0   41 5E 41 5F C3 66 66 2E 0F 1F 84 00 00 00 00 00 A^A_.ff.........
11E0   F3 0F 1E FA C3 00 00 00 F3 0F 1E FA 48 83 EC 08 ............H...
11F0   48 83 C4 08 C3 00 00 00 00 00 00 00 00 00 00 00 H...............
1200   00 00 00 00 00 00 00 00 00 00 00 00 00 00 00 00 ................
1210   00 00 00 00 00 00 00 00 00 00 00 00 00 00 00 00 ................
1220   00 00 00 00 00 00 00 00 00 00 00 00 00 00 00 00 ................
1230   00 00 00 00 00 00 00 00 00 00 00 00 00 00 00 00 ................
1240   00 00 00 00 00 00 00 00 00 00 00 00 00 00 00 00 ................
1250   00 00 00 00 00 00 00 00 00 00 00 00 00 00 00 00 ................
1260   00 00 00 00 00 00 00 00 00 00 00 00 00 00 00 00 ................
1270   00 00 00 00 00 00 00 00 00 00 00 00 00 00 00 00 ................
1280   00 00 00 00 00 00 00 00 00 00 00 00 00 00 00 00 ................
1290   00 00 00 00 00 00 00 00 00 00 00 00 00 00 00 00 ................
12A0   00 00 00 00 00 00 00 00 00 00 00 00 00 00 00 00 ................
12B0   00 00 00 00 00 00 00 00 00 00 00 00 00 00 00 00 ................
12C0   00 00 00 00 00 00 00 00 00 00 00 00 00 00 00 00 ................
12D0   00 00 00 00 00 00 00 00 00 00 00 00 00 00 00 00 ................
12E0   00 00 00 00 00 00 00 00 00 00 00 00 00 00 00 00 ................
12F0   00 00 00 00 00 00 00 00 00 00 00 00 00 00 00 00 ................
1300   00 00 00 00 00 00 00 00 00 00 00 00 00 00 00 00 ................
1310   00 00 00 00 00 00 00 00 00 00 00 00 00 00 00 00 ................
1320   00 00 00 00 00 00 00 00 00 00 00 00 00 00 00 00 ................
1330   00 00 00 00 00 00 00 00 00 00 00 00 00 00 00 00 ................
1340   00 00 00 00 00 00 00 00 00 00 00 00 00 00 00 00 ................
1350   00 00 00 00 00 00 00 00 00 00 00 00 00 00 00 00 ................
1360   00 00 00 00 00 00 00 00 00 00 00 00 00 00 00 00 ................
1370   00 00 00 00 00 00 00 00 00 00 00 00 00 00 00 00 ................
1380   00 00 00 00 00 00 00 00 00 00 00 00 00 00 00 00 ................
1390   00 00 00 00 00 00 00 00 00 00 00 00 00 00 00 00 ................
13A0   00 00 00 00 00 00 00 00 00 00 00 00 00 00 00 00 ................
13B0   00 00 00 00 00 00 00 00 00 00 00 00 00 00 00 00 ................
13C0   00 00 00 00 00 00 00 00 00 00 00 00 00 00 00 00 ................
13D0   00 00 00 00 00 00 00 00 00 00 00 00 00 00 00 00 ................
13E0   00 00 00 00 00 00 00 00 00 00 00 00 00 00 00 00 ................
13F0   00 00 00 00 00 00 00 00 00 00 00 00 00 00 00 00 ................
1400   00 00 00 00 00 00 00 00 00 00 00 00 00 00 00 00 ................
1410   00 00 00 00 00 00 00 00 00 00 00 00 00 00 00 00 ................
1420   00 00 00 00 00 00 00 00 00 00 00 00 00 00 00 00 ................
1430   00 00 00 00 00 00 00 00 00 00 00 00 00 00 00 00 ................
1440   00 00 00 00 00 00 00 00 00 00 00 00 00 00 00 00 ................
1450   00 00 00 00 00 00 00 00 00 00 00 00 00 00 00 00 ................
1460   00 00 00 00 00 00 00 00 00 00 00 00 00 00 00 00 ................
1470   00 00 00 00 00 00 00 00 00 00 00 00 00 00 00 00 ................
1480   00 00 00 00 00 00 00 00 00 00 00 00 00 00 00 00 ................
1490   00 00 00 00 00 00 00 00 00 00 00 00 00 00 00 00 ................
14A0   00 00 00 00 00 00 00 00 00 00 00 00 00 00 00 00 ................
14B0   00 00 00 00 00 00 00 00 00 00 00 00 00 00 00 00 ................
14C0   00 00 00 00 00 00 00 00 00 00 00 00 00 00 00 00 ................
14D0   00 00 00 00 00 00 00 00 00 00 00 00 00 00 00 00 ................
14E0   00 00 00 00 00 00 00 00 00 00 00 00 00 00 00 00 ................
14F0   00 00 00 00 00 00 00 00 00 00 00 00 00 00 00 00 ................
1500   00 00 00 00 00 00 00 00 00 00 00 00 00 00 00 00 ................
1510   00 00 00 00 00 00 00 00 00 00 00 00 00 00 00 00 ................
1520   00 00 00 00 00 00 00 00 00 00 00 00 00 00 00 00 ................
1530   00 00 00 00 00 00 00 00 00 00 00 00 00 00 00 00 ................
1540   00 00 00 00 00 00 00 00 00 00 00 00 00 00 00 00 ................
1550   00 00 00 00 00 00 00 00 00 00 00 00 00 00 00 00 ................
1560   00 00 00 00 00 00 00 00 00 00 00 00 00 00 00 00 ................
1570   00 00 00 00 00 00 00 00 00 00 00 00 00 00 00 00 ................
1580   00 00 00 00 00 00 00 00 00 00 00 00 00 00 00 00 ................
1590   00 00 00 00 00 00 00 00 00 00 00 00 00 00 00 00 ................
15A0   00 00 00 00 00 00 00 00 00 00 00 00 00 00 00 00 ................
15B0   00 00 00 00 00 00 00 00 00 00 00 00 00 00 00 00 ................
15C0   00 00 00 00 00 00 00 00 00 00 00 00 00 00 00 00 ................
15D0   00 00 00 00 00 00 00 00 00 00 00 00 00 00 00 00 ................
15E0   00 00 00 00 00 00 00 00 00 00 00 00 00 00 00 00 ................
15F0   00 00 00 00 00 00 00 00 00 00 00 00 00 00 00 00 ................
1600   00 00 00 00 00 00 00 00 00 00 00 00 00 00 00 00 ................
1610   00 00 00 00 00 00 00 00 00 00 00 00 00 00 00 00 ................
1620   00 00 00 00 00 00 00 00 00 00 00 00 00 00 00 00 ................
1630   00 00 00 00 00 00 00 00 00 00 00 00 00 00 00 00 ................
1640   00 00 00 00 00 00 00 00 00 00 00 00 00 00 00 00 ................
1650   00 00 00 00 00 00 00 00 00 00 00 00 00 00 00 00 ................
1660   00 00 00 00 00 00 00 00 00 00 00 00 00 00 00 00 ................
1670   00 00 00 00 00 00 00 00 00 00 00 00 00 00 00 00 ................
1680   00 00 00 00 00 00 00 00 00 00 00 00 00 00 00 00 ................
1690   00 00 00 00 00 00 00 00 00 00 00 00 00 00 00 00 ................
16A0   00 00 00 00 00 00 00 00 00 00 00 00 00 00 00 00 ................
16B0   00 00 00 00 00 00 00 00 00 00 00 00 00 00 00 00 ................
16C0   00 00 00 00 00 00 00 00 00 00 00 00 00 00 00 00 ................
16D0   00 00 00 00 00 00 00 00 00 00 00 00 00 00 00 00 ................
16E0   00 00 00 00 00 00 00 00 00 00 00 00 00 00 00 00 ................
16F0   00 00 00 00 00 00 00 00 00 00 00 00 00 00 00 00 ................
1700   00 00 00 00 00 00 00 00 00 00 00 00 00 00 00 00 ................
1710   00 00 00 00 00 00 00 00 00 00 00 00 00 00 00 00 ................
1720   00 00 00 00 00 00 00 00 00 00 00 00 00 00 00 00 ................
1730   00 00 00 00 00 00 00 00 00 00 00 00 00 00 00 00 ................
1740   00 00 00 00 00 00 00 00 00 00 00 00 00 00 00 00 ................
1750   00 00 00 00 00 00 00 00 00 00 00 00 00 00 00 00 ................
1760   00 00 00 00 00 00 00 00 00 00 00 00 00 00 00 00 ................
1770   00 00 00 00 00 00 00 00 00 00 00 00 00 00 00 00 ................
1780   00 00 00 00 00 00 00 00 00 00 00 00 00 00 00 00 ................
1790   00 00 00 00 00 00 00 00 00 00 00 00 00 00 00 00 ................
17A0   00 00 00 00 00 00 00 00 00 00 00 00 00 00 00 00 ................
17B0   00 00 00 00 00 00 00 00 00 00 00 00 00 00 00 00 ................
17C0   00 00 00 00 00 00 00 00 00 00 00 00 00 00 00 00 ................
17D0   00 00 00 00 00 00 00 00 00 00 00 00 00 00 00 00 ................
17E0   00 00 00 00 00 00 00 00 00 00 00 00 00 00 00 00 ................
17F0   00 00 00 00 00 00 00 00 00 00 00 00 00 00 00 00 ................
1800   00 00 00 00 00 00 00 00 00 00 00 00 00 00 00 00 ................
1810   00 00 00 00 00 00 00 00 00 00 00 00 00 00 00 00 ................
1820   00 00 00 00 00 00 00 00 00 00 00 00 00 00 00 00 ................
1830   00 00 00 00 00 00 00 00 00 00 00 00 00 00 00 00 ................
1840   00 00 00 00 00 00 00 00 00 00 00 00 00 00 00 00 ................
1850   00 00 00 00 00 00 00 00 00 00 00 00 00 00 00 00 ................
1860   00 00 00 00 00 00 00 00 00 00 00 00 00 00 00 00 ................
1870   00 00 00 00 00 00 00 00 00 00 00 00 00 00 00 00 ................
1880   00 00 00 00 00 00 00 00 00 00 00 00 00 00 00 00 ................
1890   00 00 00 00 00 00 00 00 00 00 00 00 00 00 00 00 ................
18A0   00 00 00 00 00 00 00 00 00 00 00 00 00 00 00 00 ................
18B0   00 00 00 00 00 00 00 00 00 00 00 00 00 00 00 00 ................
18C0   00 00 00 00 00 00 00 00 00 00 00 00 00 00 00 00 ................
18D0   00 00 00 00 00 00 00 00 00 00 00 00 00 00 00 00 ................
18E0   00 00 00 00 00 00 00 00 00 00 00 00 00 00 00 00 ................
18F0   00 00 00 00 00 00 00 00 00 00 00 00 00 00 00 00 ................
1900   00 00 00 00 00 00 00 00 00 00 00 00 00 00 00 00 ................
1910   00 00 00 00 00 00 00 00 00 00 00 00 00 00 00 00 ................
1920   00 00 00 00 00 00 00 00 00 00 00 00 00 00 00 00 ................
1930   00 00 00 00 00 00 00 00 00 00 00 00 00 00 00 00 ................
1940   00 00 00 00 00 00 00 00 00 00 00 00 00 00 00 00 ................
1950   00 00 00 00 00 00 00 00 00 00 00 00 00 00 00 00 ................
1960   00 00 00 00 00 00 00 00 00 00 00 00 00 00 00 00 ................
1970   00 00 00 00 00 00 00 00 00 00 00 00 00 00 00 00 ................
1980   00 00 00 00 00 00 00 00 00 00 00 00 00 00 00 00 ................
1990   00 00 00 00 00 00 00 00 00 00 00 00 00 00 00 00 ................
19A0   00 00 00 00 00 00 00 00 00 00 00 00 00 00 00 00 ................
19B0   00 00 00 00 00 00 00 00 00 00 00 00 00 00 00 00 ................
19C0   00 00 00 00 00 00 00 00 00 00 00 00 00 00 00 00 ................
19D0   00 00 00 00 00 00 00 00 00 00 00 00 00 00 00 00 ................
19E0   00 00 00 00 00 00 00 00 00 00 00 00 00 00 00 00 ................
19F0   00 00 00 00 00 00 00 00 00 00 00 00 00 00 00 00 ................
1A00   00 00 00 00 00 00 00 00 00 00 00 00 00 00 00 00 ................
1A10   00 00 00 00 00 00 00 00 00 00 00 00 00 00 00 00 ................
1A20   00 00 00 00 00 00 00 00 00 00 00 00 00 00 00 00 ................
1A30   00 00 00 00 00 00 00 00 00 00 00 00 00 00 00 00 ................
1A40   00 00 00 00 00 00 00 00 00 00 00 00 00 00 00 00 ................
1A50   00 00 00 00 00 00 00 00 00 00 00 00 00 00 00 00 ................
1A60   00 00 00 00 00 00 00 00 00 00 00 00 00 00 00 00 ................
1A70   00 00 00 00 00 00 00 00 00 00 00 00 00 00 00 00 ................
1A80   00 00 00 00 00 00 00 00 00 00 00 00 00 00 00 00 ................
1A90   00 00 00 00 00 00 00 00 00 00 00 00 00 00 00 00 ................
1AA0   00 00 00 00 00 00 00 00 00 00 00 00 00 00 00 00 ................
1AB0   00 00 00 00 00 00 00 00 00 00 00 00 00 00 00 00 ................
1AC0   00 00 00 00 00 00 00 00 00 00 00 00 00 00 00 00 ................
1AD0   00 00 00 00 00 00 00 00 00 00 00 00 00 00 00 00 ................
1AE0   00 00 00 00 00 00 00 00 00 00 00 00 00 00 00 00 ................
1AF0   00 00 00 00 00 00 00 00 00 00 00 00 00 00 00 00 ................
1B00   00 00 00 00 00 00 00 00 00 00 00 00 00 00 00 00 ................
1B10   00 00 00 00 00 00 00 00 00 00 00 00 00 00 00 00 ................
1B20   00 00 00 00 00 00 00 00 00 00 00 00 00 00 00 00 ................
1B30   00 00 00 00 00 00 00 00 00 00 00 00 00 00 00 00 ................
1B40   00 00 00 00 00 00 00 00 00 00 00 00 00 00 00 00 ................
1B50   00 00 00 00 00 00 00 00 00 00 00 00 00 00 00 00 ................
1B60   00 00 00 00 00 00 00 00 00 00 00 00 00 00 00 00 ................
1B70   00 00 00 00 00 00 00 00 00 00 00 00 00 00 00 00 ................
1B80   00 00 00 00 00 00 00 00 00 00 00 00 00 00 00 00 ................
1B90   00 00 00 00 00 00 00 00 00 00 00 00 00 00 00 00 ................
1BA0   00 00 00 00 00 00 00 00 00 00 00 00 00 00 00 00 ................
1BB0   00 00 00 00 00 00 00 00 00 00 00 00 00 00 00 00 ................
1BC0   00 00 00 00 00 00 00 00 00 00 00 00 00 00 00 00 ................
1BD0   00 00 00 00 00 00 00 00 00 00 00 00 00 00 00 00 ................
1BE0   00 00 00 00 00 00 00 00 00 00 00 00 00 00 00 00 ................
1BF0   00 00 00 00 00 00 00 00 00 00 00 00 00 00 00 00 ................
1C00   00 00 00 00 00 00 00 00 00 00 00 00 00 00 00 00 ................
1C10   00 00 00 00 00 00 00 00 00 00 00 00 00 00 00 00 ................
1C20   00 00 00 00 00 00 00 00 00 00 00 00 00 00 00 00 ................
1C30   00 00 00 00 00 00 00 00 00 00 00 00 00 00 00 00 ................
1C40   00 00 00 00 00 00 00 00 00 00 00 00 00 00 00 00 ................
1C50   00 00 00 00 00 00 00 00 00 00 00 00 00 00 00 00 ................
1C60   00 00 00 00 00 00 00 00 00 00 00 00 00 00 00 00 ................
1C70   00 00 00 00 00 00 00 00 00 00 00 00 00 00 00 00 ................
1C80   00 00 00 00 00 00 00 00 00 00 00 00 00 00 00 00 ................
1C90   00 00 00 00 00 00 00 00 00 00 00 00 00 00 00 00 ................
1CA0   00 00 00 00 00 00 00 00 00 00 00 00 00 00 00 00 ................
1CB0   00 00 00 00 00 00 00 00 00 00 00 00 00 00 00 00 ................
1CC0   00 00 00 00 00 00 00 00 00 00 00 00 00 00 00 00 ................
1CD0   00 00 00 00 00 00 00 00 00 00 00 00 00 00 00 00 ................
1CE0   00 00 00 00 00 00 00 00 00 00 00 00 00 00 00 00 ................
1CF0   00 00 00 00 00 00 00 00 00 00 00 00 00 00 00 00 ................
1D00   00 00 00 00 00 00 00 00 00 00 00 00 00 00 00 00 ................
1D10   00 00 00 00 00 00 00 00 00 00 00 00 00 00 00 00 ................
1D20   00 00 00 00 00 00 00 00 00 00 00 00 00 00 00 00 ................
1D30   00 00 00 00 00 00 00 00 00 00 00 00 00 00 00 00 ................
1D40   00 00 00 00 00 00 00 00 00 00 00 00 00 00 00 00 ................
1D50   00 00 00 00 00 00 00 00 00 00 00 00 00 00 00 00 ................
1D60   00 00 00 00 00 00 00 00 00 00 00 00 00 00 00 00 ................
1D70   00 00 00 00 00 00 00 00 00 00 00 00 00 00 00 00 ................
1D80   00 00 00 00 00 00 00 00 00 00 00 00 00 00 00 00 ................
1D90   00 00 00 00 00 00 00 00 00 00 00 00 00 00 00 00 ................
1DA0   00 00 00 00 00 00 00 00 00 00 00 00 00 00 00 00 ................
1DB0   00 00 00 00 00 00 00 00 00 00 00 00 00 00 00 00 ................
1DC0   00 00 00 00 00 00 00 00 00 00 00 00 00 00 00 00 ................
1DD0   00 00 00 00 00 00 00 00 00 00 00 00 00 00 00 00 ................
1DE0   00 00 00 00 00 00 00 00 00 00 00 00 00 00 00 00 ................
1DF0   00 00 00 00 00 00 00 00 00 00 00 00 00 00 00 00 ................
1E00   00 00 00 00 00 00 00 00 00 00 00 00 00 00 00 00 ................
1E10   00 00 00 00 00 00 00 00 00 00 00 00 00 00 00 00 ................
1E20   00 00 00 00 00 00 00 00 00 00 00 00 00 00 00 00 ................
1E30   00 00 00 00 00 00 00 00 00 00 00 00 00 00 00 00 ................
1E40   00 00 00 00 00 00 00 00 00 00 00 00 00 00 00 00 ................
1E50   00 00 00 00 00 00 00 00 00 00 00 00 00 00 00 00 ................
1E60   00 00 00 00 00 00 00 00 00 00 00 00 00 00 00 00 ................
1E70   00 00 00 00 00 00 00 00 00 00 00 00 00 00 00 00 ................
1E80   00 00 00 00 00 00 00 00 00 00 00 00 00 00 00 00 ................
1E90   00 00 00 00 00 00 00 00 00 00 00 00 00 00 00 00 ................
1EA0   00 00 00 00 00 00 00 00 00 00 00 00 00 00 00 00 ................
1EB0   00 00 00 00 00 00 00 00 00 00 00 00 00 00 00 00 ................
1EC0   00 00 00 00 00 00 00 00 00 00 00 00 00 00 00 00 ................
1ED0   00 00 00 00 00 00 00 00 00 00 00 00 00 00 00 00 ................
1EE0   00 00 00 00 00 00 00 00 00 00 00 00 00 00 00 00 ................
1EF0   00 00 00 00 00 00 00 00 00 00 00 00 00 00 00 00 ................
1F00   00 00 00 00 00 00 00 00 00 00 00 00 00 00 00 00 ................
1F10   00 00 00 00 00 00 00 00 00 00 00 00 00 00 00 00 ................
1F20   00 00 00 00 00 00 00 00 00 00 00 00 00 00 00 00 ................
1F30   00 00 00 00 00 00 00 00 00 00 00 00 00 00 00 00 ................
1F40   00 00 00 00 00 00 00 00 00 00 00 00 00 00 00 00 ................
1F50   00 00 00 00 00 00 00 00 00 00 00 00 00 00 00 00 ................
1F60   00 00 00 00 00 00 00 00 00 00 00 00 00 00 00 00 ................
1F70   00 00 00 00 00 00 00 00 00 00 00 00 00 00 00 00 ................
1F80   00 00 00 00 00 00 00 00 00 00 00 00 00 00 00 00 ................
1F90   00 00 00 00 00 00 00 00 00 00 00 00 00 00 00 00 ................
1FA0   00 00 00 00 00 00 00 00 00 00 00 00 00 00 00 00 ................
1FB0   00 00 00 00 00 00 00 00 00 00 00 00 00 00 00 00 ................
1FC0   00 00 00 00 00 00 00 00 00 00 00 00 00 00 00 00 ................
1FD0   00 00 00 00 00 00 00 00 00 00 00 00 00 00 00 00 ................
1FE0   00 00 00 00 00 00 00 00 00 00 00 00 00 00 00 00 ................
1FF0   00 00 00 00 00 00 00 00 00 00 00 00 00 00 00 00 ................
2000   01 00 02 00 68 65 6C 6C 6F 00 00 00 01 1B 03 3B ....hello......;
2010   40 00 00 00 07 00 00 00 14 F0 FF FF 74 00 00 00 @...........t...
2020   34 F0 FF FF 9C 00 00 00 44 F0 FF FF B4 00 00 00 4.......D.......
2030   54 F0 FF FF 5C 00 00 00 3D F1 FF FF CC 00 00 00 T...\...=.......
2040   64 F1 FF FF EC 00 00 00 D4 F1 FF FF 34 01 00 00 d...........4...
2050   14 00 00 00 00 00 00 00 01 7A 52 00 01 78 10 01 .........zR..x..
2060   1B 0C 07 08 90 01 00 00 14 00 00 00 1C 00 00 00 ................
2070   F0 EF FF FF 2F 00 00 00 00 44 07 10 00 00 00 00 ..../....D......
2080   24 00 00 00 34 00 00 00 98 EF FF FF 20 00 00 00 $...4....... ...
2090   00 0E 10 46 0E 18 4A 0F 0B 77 08 80 00 3F 1A 3A ...F..J..w...?.:
20A0   2A 33 24 22 00 00 00 00 14 00 00 00 5C 00 00 00 *3$"........\...
20B0   90 EF FF FF 10 00 00 00 00 00 00 00 00 00 00 00 ................
20C0   14 00 00 00 74 00 00 00 88 EF FF FF 10 00 00 00 ....t...........
20D0   00 00 00 00 00 00 00 00 1C 00 00 00 8C 00 00 00 ................
20E0   69 F0 FF FF 26 00 00 00 00 45 0E 10 86 02 43 0D i...&....E....C.
20F0   06 5D 0C 07 08 00 00 00 44 00 00 00 AC 00 00 00 .]......D.......
2100   70 F0 FF FF 65 00 00 00 00 46 0E 10 8F 02 49 0E p...e....F....I.
2110   18 8E 03 45 0E 20 8D 04 45 0E 28 8C 05 44 0E 30 ...E. ..E.(..D.0
2120   86 06 48 0E 38 83 07 47 0E 40 6E 0E 38 41 0E 30 ..H.8..G.@n.8A.0
2130   41 0E 28 42 0E 20 42 0E 18 42 0E 10 42 0E 08 00 A.(B. B..B..B...
2140   10 00 00 00 F4 00 00 00 98 F0 FF FF 05 00 00 00 ................
2150   00 00 00 00 00 00 00 00 00 00 00 00 00 00 00 00 ................
2160   00 00 00 00 00 00 00 00 00 00 00 00 00 00 00 00 ................
2170   00 00 00 00 00 00 00 00 00 00 00 00 00 00 00 00 ................
2180   00 00 00 00 00 00 00 00 00 00 00 00 00 00 00 00 ................
2190   00 00 00 00 00 00 00 00 00 00 00 00 00 00 00 00 ................
21A0   00 00 00 00 00 00 00 00 00 00 00 00 00 00 00 00 ................
21B0   00 00 00 00 00 00 00 00 00 00 00 00 00 00 00 00 ................
21C0   00 00 00 00 00 00 00 00 00 00 00 00 00 00 00 00 ................
21D0   00 00 00 00 00 00 00 00 00 00 00 00 00 00 00 00 ................
21E0   00 00 00 00 00 00 00 00 00 00 00 00 00 00 00 00 ................
21F0   00 00 00 00 00 00 00 00 00 00 00 00 00 00 00 00 ................
2200   00 00 00 00 00 00 00 00 00 00 00 00 00 00 00 00 ................
2210   00 00 00 00 00 00 00 00 00 00 00 00 00 00 00 00 ................
2220   00 00 00 00 00 00 00 00 00 00 00 00 00 00 00 00 ................
2230   00 00 00 00 00 00 00 00 00 00 00 00 00 00 00 00 ................
2240   00 00 00 00 00 00 00 00 00 00 00 00 00 00 00 00 ................
2250   00 00 00 00 00 00 00 00 00 00 00 00 00 00 00 00 ................
2260   00 00 00 00 00 00 00 00 00 00 00 00 00 00 00 00 ................
2270   00 00 00 00 00 00 00 00 00 00 00 00 00 00 00 00 ................
2280   00 00 00 00 00 00 00 00 00 00 00 00 00 00 00 00 ................
2290   00 00 00 00 00 00 00 00 00 00 00 00 00 00 00 00 ................
22A0   00 00 00 00 00 00 00 00 00 00 00 00 00 00 00 00 ................
22B0   00 00 00 00 00 00 00 00 00 00 00 00 00 00 00 00 ................
22C0   00 00 00 00 00 00 00 00 00 00 00 00 00 00 00 00 ................
22D0   00 00 00 00 00 00 00 00 00 00 00 00 00 00 00 00 ................
22E0   00 00 00 00 00 00 00 00 00 00 00 00 00 00 00 00 ................
22F0   00 00 00 00 00 00 00 00 00 00 00 00 00 00 00 00 ................
2300   00 00 00 00 00 00 00 00 00 00 00 00 00 00 00 00 ................
2310   00 00 00 00 00 00 00 00 00 00 00 00 00 00 00 00 ................
2320   00 00 00 00 00 00 00 00 00 00 00 00 00 00 00 00 ................
2330   00 00 00 00 00 00 00 00 00 00 00 00 00 00 00 00 ................
2340   00 00 00 00 00 00 00 00 00 00 00 00 00 00 00 00 ................
2350   00 00 00 00 00 00 00 00 00 00 00 00 00 00 00 00 ................
2360   00 00 00 00 00 00 00 00 00 00 00 00 00 00 00 00 ................
2370   00 00 00 00 00 00 00 00 00 00 00 00 00 00 00 00 ................
2380   00 00 00 00 00 00 00 00 00 00 00 00 00 00 00 00 ................
2390   00 00 00 00 00 00 00 00 00 00 00 00 00 00 00 00 ................
23A0   00 00 00 00 00 00 00 00 00 00 00 00 00 00 00 00 ................
23B0   00 00 00 00 00 00 00 00 00 00 00 00 00 00 00 00 ................
23C0   00 00 00 00 00 00 00 00 00 00 00 00 00 00 00 00 ................
23D0   00 00 00 00 00 00 00 00 00 00 00 00 00 00 00 00 ................
23E0   00 00 00 00 00 00 00 00 00 00 00 00 00 00 00 00 ................
23F0   00 00 00 00 00 00 00 00 00 00 00 00 00 00 00 00 ................
2400   00 00 00 00 00 00 00 00 00 00 00 00 00 00 00 00 ................
2410   00 00 00 00 00 00 00 00 00 00 00 00 00 00 00 00 ................
2420   00 00 00 00 00 00 00 00 00 00 00 00 00 00 00 00 ................
2430   00 00 00 00 00 00 00 00 00 00 00 00 00 00 00 00 ................
2440   00 00 00 00 00 00 00 00 00 00 00 00 00 00 00 00 ................
2450   00 00 00 00 00 00 00 00 00 00 00 00 00 00 00 00 ................
2460   00 00 00 00 00 00 00 00 00 00 00 00 00 00 00 00 ................
2470   00 00 00 00 00 00 00 00 00 00 00 00 00 00 00 00 ................
2480   00 00 00 00 00 00 00 00 00 00 00 00 00 00 00 00 ................
2490   00 00 00 00 00 00 00 00 00 00 00 00 00 00 00 00 ................
24A0   00 00 00 00 00 00 00 00 00 00 00 00 00 00 00 00 ................
24B0   00 00 00 00 00 00 00 00 00 00 00 00 00 00 00 00 ................
24C0   00 00 00 00 00 00 00 00 00 00 00 00 00 00 00 00 ................
24D0   00 00 00 00 00 00 00 00 00 00 00 00 00 00 00 00 ................
24E0   00 00 00 00 00 00 00 00 00 00 00 00 00 00 00 00 ................
24F0   00 00 00 00 00 00 00 00 00 00 00 00 00 00 00 00 ................
2500   00 00 00 00 00 00 00 00 00 00 00 00 00 00 00 00 ................
2510   00 00 00 00 00 00 00 00 00 00 00 00 00 00 00 00 ................
2520   00 00 00 00 00 00 00 00 00 00 00 00 00 00 00 00 ................
2530   00 00 00 00 00 00 00 00 00 00 00 00 00 00 00 00 ................
2540   00 00 00 00 00 00 00 00 00 00 00 00 00 00 00 00 ................
2550   00 00 00 00 00 00 00 00 00 00 00 00 00 00 00 00 ................
2560   00 00 00 00 00 00 00 00 00 00 00 00 00 00 00 00 ................
2570   00 00 00 00 00 00 00 00 00 00 00 00 00 00 00 00 ................
2580   00 00 00 00 00 00 00 00 00 00 00 00 00 00 00 00 ................
2590   00 00 00 00 00 00 00 00 00 00 00 00 00 00 00 00 ................
25A0   00 00 00 00 00 00 00 00 00 00 00 00 00 00 00 00 ................
25B0   00 00 00 00 00 00 00 00 00 00 00 00 00 00 00 00 ................
25C0   00 00 00 00 00 00 00 00 00 00 00 00 00 00 00 00 ................
25D0   00 00 00 00 00 00 00 00 00 00 00 00 00 00 00 00 ................
25E0   00 00 00 00 00 00 00 00 00 00 00 00 00 00 00 00 ................
25F0   00 00 00 00 00 00 00 00 00 00 00 00 00 00 00 00 ................
2600   00 00 00 00 00 00 00 00 00 00 00 00 00 00 00 00 ................
2610   00 00 00 00 00 00 00 00 00 00 00 00 00 00 00 00 ................
2620   00 00 00 00 00 00 00 00 00 00 00 00 00 00 00 00 ................
2630   00 00 00 00 00 00 00 00 00 00 00 00 00 00 00 00 ................
2640   00 00 00 00 00 00 00 00 00 00 00 00 00 00 00 00 ................
2650   00 00 00 00 00 00 00 00 00 00 00 00 00 00 00 00 ................
2660   00 00 00 00 00 00 00 00 00 00 00 00 00 00 00 00 ................
2670   00 00 00 00 00 00 00 00 00 00 00 00 00 00 00 00 ................
2680   00 00 00 00 00 00 00 00 00 00 00 00 00 00 00 00 ................
2690   00 00 00 00 00 00 00 00 00 00 00 00 00 00 00 00 ................
26A0   00 00 00 00 00 00 00 00 00 00 00 00 00 00 00 00 ................
26B0   00 00 00 00 00 00 00 00 00 00 00 00 00 00 00 00 ................
26C0   00 00 00 00 00 00 00 00 00 00 00 00 00 00 00 00 ................
26D0   00 00 00 00 00 00 00 00 00 00 00 00 00 00 00 00 ................
26E0   00 00 00 00 00 00 00 00 00 00 00 00 00 00 00 00 ................
26F0   00 00 00 00 00 00 00 00 00 00 00 00 00 00 00 00 ................
2700   00 00 00 00 00 00 00 00 00 00 00 00 00 00 00 00 ................
2710   00 00 00 00 00 00 00 00 00 00 00 00 00 00 00 00 ................
2720   00 00 00 00 00 00 00 00 00 00 00 00 00 00 00 00 ................
2730   00 00 00 00 00 00 00 00 00 00 00 00 00 00 00 00 ................
2740   00 00 00 00 00 00 00 00 00 00 00 00 00 00 00 00 ................
2750   00 00 00 00 00 00 00 00 00 00 00 00 00 00 00 00 ................
2760   00 00 00 00 00 00 00 00 00 00 00 00 00 00 00 00 ................
2770   00 00 00 00 00 00 00 00 00 00 00 00 00 00 00 00 ................
2780   00 00 00 00 00 00 00 00 00 00 00 00 00 00 00 00 ................
2790   00 00 00 00 00 00 00 00 00 00 00 00 00 00 00 00 ................
27A0   00 00 00 00 00 00 00 00 00 00 00 00 00 00 00 00 ................
27B0   00 00 00 00 00 00 00 00 00 00 00 00 00 00 00 00 ................
27C0   00 00 00 00 00 00 00 00 00 00 00 00 00 00 00 00 ................
27D0   00 00 00 00 00 00 00 00 00 00 00 00 00 00 00 00 ................
27E0   00 00 00 00 00 00 00 00 00 00 00 00 00 00 00 00 ................
27F0   00 00 00 00 00 00 00 00 00 00 00 00 00 00 00 00 ................
2800   00 00 00 00 00 00 00 00 00 00 00 00 00 00 00 00 ................
2810   00 00 00 00 00 00 00 00 00 00 00 00 00 00 00 00 ................
2820   00 00 00 00 00 00 00 00 00 00 00 00 00 00 00 00 ................
2830   00 00 00 00 00 00 00 00 00 00 00 00 00 00 00 00 ................
2840   00 00 00 00 00 00 00 00 00 00 00 00 00 00 00 00 ................
2850   00 00 00 00 00 00 00 00 00 00 00 00 00 00 00 00 ................
2860   00 00 00 00 00 00 00 00 00 00 00 00 00 00 00 00 ................
2870   00 00 00 00 00 00 00 00 00 00 00 00 00 00 00 00 ................
2880   00 00 00 00 00 00 00 00 00 00 00 00 00 00 00 00 ................
2890   00 00 00 00 00 00 00 00 00 00 00 00 00 00 00 00 ................
28A0   00 00 00 00 00 00 00 00 00 00 00 00 00 00 00 00 ................
28B0   00 00 00 00 00 00 00 00 00 00 00 00 00 00 00 00 ................
28C0   00 00 00 00 00 00 00 00 00 00 00 00 00 00 00 00 ................
28D0   00 00 00 00 00 00 00 00 00 00 00 00 00 00 00 00 ................
28E0   00 00 00 00 00 00 00 00 00 00 00 00 00 00 00 00 ................
28F0   00 00 00 00 00 00 00 00 00 00 00 00 00 00 00 00 ................
2900   00 00 00 00 00 00 00 00 00 00 00 00 00 00 00 00 ................
2910   00 00 00 00 00 00 00 00 00 00 00 00 00 00 00 00 ................
2920   00 00 00 00 00 00 00 00 00 00 00 00 00 00 00 00 ................
2930   00 00 00 00 00 00 00 00 00 00 00 00 00 00 00 00 ................
2940   00 00 00 00 00 00 00 00 00 00 00 00 00 00 00 00 ................
2950   00 00 00 00 00 00 00 00 00 00 00 00 00 00 00 00 ................
2960   00 00 00 00 00 00 00 00 00 00 00 00 00 00 00 00 ................
2970   00 00 00 00 00 00 00 00 00 00 00 00 00 00 00 00 ................
2980   00 00 00 00 00 00 00 00 00 00 00 00 00 00 00 00 ................
2990   00 00 00 00 00 00 00 00 00 00 00 00 00 00 00 00 ................
29A0   00 00 00 00 00 00 00 00 00 00 00 00 00 00 00 00 ................
29B0   00 00 00 00 00 00 00 00 00 00 00 00 00 00 00 00 ................
29C0   00 00 00 00 00 00 00 00 00 00 00 00 00 00 00 00 ................
29D0   00 00 00 00 00 00 00 00 00 00 00 00 00 00 00 00 ................
29E0   00 00 00 00 00 00 00 00 00 00 00 00 00 00 00 00 ................
29F0   00 00 00 00 00 00 00 00 00 00 00 00 00 00 00 00 ................
2A00   00 00 00 00 00 00 00 00 00 00 00 00 00 00 00 00 ................
2A10   00 00 00 00 00 00 00 00 00 00 00 00 00 00 00 00 ................
2A20   00 00 00 00 00 00 00 00 00 00 00 00 00 00 00 00 ................
2A30   00 00 00 00 00 00 00 00 00 00 00 00 00 00 00 00 ................
2A40   00 00 00 00 00 00 00 00 00 00 00 00 00 00 00 00 ................
2A50   00 00 00 00 00 00 00 00 00 00 00 00 00 00 00 00 ................
2A60   00 00 00 00 00 00 00 00 00 00 00 00 00 00 00 00 ................
2A70   00 00 00 00 00 00 00 00 00 00 00 00 00 00 00 00 ................
2A80   00 00 00 00 00 00 00 00 00 00 00 00 00 00 00 00 ................
2A90   00 00 00 00 00 00 00 00 00 00 00 00 00 00 00 00 ................
2AA0   00 00 00 00 00 00 00 00 00 00 00 00 00 00 00 00 ................
2AB0   00 00 00 00 00 00 00 00 00 00 00 00 00 00 00 00 ................
2AC0   00 00 00 00 00 00 00 00 00 00 00 00 00 00 00 00 ................
2AD0   00 00 00 00 00 00 00 00 00 00 00 00 00 00 00 00 ................
2AE0   00 00 00 00 00 00 00 00 00 00 00 00 00 00 00 00 ................
2AF0   00 00 00 00 00 00 00 00 00 00 00 00 00 00 00 00 ................
2B00   00 00 00 00 00 00 00 00 00 00 00 00 00 00 00 00 ................
2B10   00 00 00 00 00 00 00 00 00 00 00 00 00 00 00 00 ................
2B20   00 00 00 00 00 00 00 00 00 00 00 00 00 00 00 00 ................
2B30   00 00 00 00 00 00 00 00 00 00 00 00 00 00 00 00 ................
2B40   00 00 00 00 00 00 00 00 00 00 00 00 00 00 00 00 ................
2B50   00 00 00 00 00 00 00 00 00 00 00 00 00 00 00 00 ................
2B60   00 00 00 00 00 00 00 00 00 00 00 00 00 00 00 00 ................
2B70   00 00 00 00 00 00 00 00 00 00 00 00 00 00 00 00 ................
2B80   00 00 00 00 00 00 00 00 00 00 00 00 00 00 00 00 ................
2B90   00 00 00 00 00 00 00 00 00 00 00 00 00 00 00 00 ................
2BA0   00 00 00 00 00 00 00 00 00 00 00 00 00 00 00 00 ................
2BB0   00 00 00 00 00 00 00 00 00 00 00 00 00 00 00 00 ................
2BC0   00 00 00 00 00 00 00 00 00 00 00 00 00 00 00 00 ................
2BD0   00 00 00 00 00 00 00 00 00 00 00 00 00 00 00 00 ................
2BE0   00 00 00 00 00 00 00 00 00 00 00 00 00 00 00 00 ................
2BF0   00 00 00 00 00 00 00 00 00 00 00 00 00 00 00 00 ................
2C00   00 00 00 00 00 00 00 00 00 00 00 00 00 00 00 00 ................
2C10   00 00 00 00 00 00 00 00 00 00 00 00 00 00 00 00 ................
2C20   00 00 00 00 00 00 00 00 00 00 00 00 00 00 00 00 ................
2C30   00 00 00 00 00 00 00 00 00 00 00 00 00 00 00 00 ................
2C40   00 00 00 00 00 00 00 00 00 00 00 00 00 00 00 00 ................
2C50   00 00 00 00 00 00 00 00 00 00 00 00 00 00 00 00 ................
2C60   00 00 00 00 00 00 00 00 00 00 00 00 00 00 00 00 ................
2C70   00 00 00 00 00 00 00 00 00 00 00 00 00 00 00 00 ................
2C80   00 00 00 00 00 00 00 00 00 00 00 00 00 00 00 00 ................
2C90   00 00 00 00 00 00 00 00 00 00 00 00 00 00 00 00 ................
2CA0   00 00 00 00 00 00 00 00 00 00 00 00 00 00 00 00 ................
2CB0   00 00 00 00 00 00 00 00 00 00 00 00 00 00 00 00 ................
2CC0   00 00 00 00 00 00 00 00 00 00 00 00 00 00 00 00 ................
2CD0   00 00 00 00 00 00 00 00 00 00 00 00 00 00 00 00 ................
2CE0   00 00 00 00 00 00 00 00 00 00 00 00 00 00 00 00 ................
2CF0   00 00 00 00 00 00 00 00 00 00 00 00 00 00 00 00 ................
2D00   00 00 00 00 00 00 00 00 00 00 00 00 00 00 00 00 ................
2D10   00 00 00 00 00 00 00 00 00 00 00 00 00 00 00 00 ................
2D20   00 00 00 00 00 00 00 00 00 00 00 00 00 00 00 00 ................
2D30   00 00 00 00 00 00 00 00 00 00 00 00 00 00 00 00 ................
2D40   00 00 00 00 00 00 00 00 00 00 00 00 00 00 00 00 ................
2D50   00 00 00 00 00 00 00 00 00 00 00 00 00 00 00 00 ................
2D60   00 00 00 00 00 00 00 00 00 00 00 00 00 00 00 00 ................
2D70   00 00 00 00 00 00 00 00 00 00 00 00 00 00 00 00 ................
2D80   00 00 00 00 00 00 00 00 00 00 00 00 00 00 00 00 ................
2D90   00 00 00 00 00 00 00 00 00 00 00 00 00 00 00 00 ................
2DA0   00 00 00 00 00 00 00 00 00 00 00 00 00 00 00 00 ................
2DB0   00 00 00 00 00 00 00 00 40 11 00 00 00 00 00 00 ........@.......
2DC0   00 11 00 00 00 00 00 00 01 00 00 00 00 00 00 00 ................
2DD0   01 00 00 00 00 00 00 00 0C 00 00 00 00 00 00 00 ................
2DE0   00 10 00 00 00 00 00 00 0D 00 00 00 00 00 00 00 ................
2DF0   E8 11 00 00 00 00 00 00 19 00 00 00 00 00 00 00 ................
2E00   B8 3D 00 00 00 00 00 00 1B 00 00 00 00 00 00 00 .=..............
2E10   08 00 00 00 00 00 00 00 1A 00 00 00 00 00 00 00 ................
2E20   C0 3D 00 00 00 00 00 00 1C 00 00 00 00 00 00 00 .=..............
2E30   08 00 00 00 00 00 00 00 F5 FE FF 6F 00 00 00 00 ...........o....
2E40   A0 03 00 00 00 00 00 00 05 00 00 00 00 00 00 00 ................
2E50   70 04 00 00 00 00 00 00 06 00 00 00 00 00 00 00 p...............
2E60   C8 03 00 00 00 00 00 00 0A 00 00 00 00 00 00 00 ................
2E70   82 00 00 00 00 00 00 00 0B 00 00 00 00 00 00 00 ................
2E80   18 00 00 00 00 00 00 00 15 00 00 00 00 00 00 00 ................
2E90   00 00 00 00 00 00 00 00 03 00 00 00 00 00 00 00 ................
2EA0   B8 3F 00 00 00 00 00 00 02 00 00 00 00 00 00 00 .?..............
2EB0   18 00 00 00 00 00 00 00 14 00 00 00 00 00 00 00 ................
2EC0   07 00 00 00 00 00 00 00 17 00 00 00 00 00 00 00 ................
2ED0   E0 05 00 00 00 00 00 00 07 00 00 00 00 00 00 00 ................
2EE0   20 05 00 00 00 00 00 00 08 00 00 00 00 00 00 00  ...............
2EF0   C0 00 00 00 00 00 00 00 09 00 00 00 00 00 00 00 ................
2F00   18 00 00 00 00 00 00 00 1E 00 00 00 00 00 00 00 ................
2F10   08 00 00 00 00 00 00 00 FB FF FF 6F 00 00 00 00 ...........o....
2F20   01 00 00 08 00 00 00 00 FE FF FF 6F 00 00 00 00 ...........o....
2F30   00 05 00 00 00 00 00 00 FF FF FF 6F 00 00 00 00 ...........o....
2F40   01 00 00 00 00 00 00 00 F0 FF FF 6F 00 00 00 00 ...........o....
2F50   F2 04 00 00 00 00 00 00 F9 FF FF 6F 00 00 00 00 ...........o....
2F60   03 00 00 00 00 00 00 00 00 00 00 00 00 00 00 00 ................
2F70   00 00 00 00 00 00 00 00 00 00 00 00 00 00 00 00 ................
2F80   00 00 00 00 00 00 00 00 00 00 00 00 00 00 00 00 ................
2F90   00 00 00 00 00 00 00 00 00 00 00 00 00 00 00 00 ................
2FA0   00 00 00 00 00 00 00 00 00 00 00 00 00 00 00 00 ................
2FB0   00 00 00 00 00 00 00 00 C8 3D 00 00 00 00 00 00 .........=......
2FC0   00 00 00 00 00 00 00 00 00 00 00 00 00 00 00 00 ................
2FD0   30 10 00 00 00 00 00 00 00 00 00 00 00 00 00 00 0...............
2FE0   00 00 00 00 00 00 00 00 00 00 00 00 00 00 00 00 ................
2FF0   00 00 00 00 00 00 00 00 00 00 00 00 00 00 00 00 ................
3000   00 00 00 00 00 00 00 00 08 40 00 00 00 00 00 00 .........@......
3010   47 43 43 3A 20 28 55 62 75 6E 74 75 20 39 2E 33 GCC: (Ubuntu 9.3
3020   2E 30 2D 31 37 75 62 75 6E 74 75 31 7E 32 30 2E .0-17ubuntu1~20.
3030   30 34 29 20 39 2E 33 2E 30 00 00 00 00 00 00 00 04) 9.3.0.......
3040   00 00 00 00 00 00 00 00 00 00 00 00 00 00 00 00 ................
3050   00 00 00 00 00 00 00 00 00 00 00 00 03 00 01 00 ................
3060   18 03 00 00 00 00 00 00 00 00 00 00 00 00 00 00 ................
3070   00 00 00 00 03 00 02 00 38 03 00 00 00 00 00 00 ........8.......
3080   00 00 00 00 00 00 00 00 00 00 00 00 03 00 03 00 ................
3090   58 03 00 00 00 00 00 00 00 00 00 00 00 00 00 00 X...............
30A0   00 00 00 00 03 00 04 00 7C 03 00 00 00 00 00 00 ........|.......
30B0   00 00 00 00 00 00 00 00 00 00 00 00 03 00 05 00 ................
30C0   A0 03 00 00 00 00 00 00 00 00 00 00 00 00 00 00 ................
30D0   00 00 00 00 03 00 06 00 C8 03 00 00 00 00 00 00 ................
30E0   00 00 00 00 00 00 00 00 00 00 00 00 03 00 07 00 ................
30F0   70 04 00 00 00 00 00 00 00 00 00 00 00 00 00 00 p...............
3100   00 00 00 00 03 00 08 00 F2 04 00 00 00 00 00 00 ................
3110   00 00 00 00 00 00 00 00 00 00 00 00 03 00 09 00 ................
3120   00 05 00 00 00 00 00 00 00 00 00 00 00 00 00 00 ................
3130   00 00 00 00 03 00 0A 00 20 05 00 00 00 00 00 00 ........ .......
3140   00 00 00 00 00 00 00 00 00 00 00 00 03 00 0B 00 ................
3150   E0 05 00 00 00 00 00 00 00 00 00 00 00 00 00 00 ................
3160   00 00 00 00 03 00 0C 00 00 10 00 00 00 00 00 00 ................
3170   00 00 00 00 00 00 00 00 00 00 00 00 03 00 0D 00 ................
3180   20 10 00 00 00 00 00 00 00 00 00 00 00 00 00 00  ...............
3190   00 00 00 00 03 00 0E 00 40 10 00 00 00 00 00 00 ........@.......
31A0   00 00 00 00 00 00 00 00 00 00 00 00 03 00 0F 00 ................
31B0   50 10 00 00 00 00 00 00 00 00 00 00 00 00 00 00 P...............
31C0   00 00 00 00 03 00 10 00 60 10 00 00 00 00 00 00 ........`.......
31D0   00 00 00 00 00 00 00 00 00 00 00 00 03 00 11 00 ................
31E0   E8 11 00 00 00 00 00 00 00 00 00 00 00 00 00 00 ................
31F0   00 00 00 00 03 00 12 00 00 20 00 00 00 00 00 00 ......... ......
3200   00 00 00 00 00 00 00 00 00 00 00 00 03 00 13 00 ................
3210   0C 20 00 00 00 00 00 00 00 00 00 00 00 00 00 00 . ..............
3220   00 00 00 00 03 00 14 00 50 20 00 00 00 00 00 00 ........P ......
3230   00 00 00 00 00 00 00 00 00 00 00 00 03 00 15 00 ................
3240   B8 3D 00 00 00 00 00 00 00 00 00 00 00 00 00 00 .=..............
3250   00 00 00 00 03 00 16 00 C0 3D 00 00 00 00 00 00 .........=......
3260   00 00 00 00 00 00 00 00 00 00 00 00 03 00 17 00 ................
3270   C8 3D 00 00 00 00 00 00 00 00 00 00 00 00 00 00 .=..............
3280   00 00 00 00 03 00 18 00 B8 3F 00 00 00 00 00 00 .........?......
3290   00 00 00 00 00 00 00 00 00 00 00 00 03 00 19 00 ................
32A0   00 40 00 00 00 00 00 00 00 00 00 00 00 00 00 00 .@..............
32B0   00 00 00 00 03 00 1A 00 10 40 00 00 00 00 00 00 .........@......
32C0   00 00 00 00 00 00 00 00 00 00 00 00 03 00 1B 00 ................
32D0   00 00 00 00 00 00 00 00 00 00 00 00 00 00 00 00 ................
32E0   01 00 00 00 04 00 F1 FF 00 00 00 00 00 00 00 00 ................
32F0   00 00 00 00 00 00 00 00 0C 00 00 00 02 00 10 00 ................
3300   90 10 00 00 00 00 00 00 00 00 00 00 00 00 00 00 ................
3310   0E 00 00 00 02 00 10 00 C0 10 00 00 00 00 00 00 ................
3320   00 00 00 00 00 00 00 00 21 00 00 00 02 00 10 00 ........!.......
3330   00 11 00 00 00 00 00 00 00 00 00 00 00 00 00 00 ................
3340   37 00 00 00 01 00 1A 00 10 40 00 00 00 00 00 00 7........@......
3350   01 00 00 00 00 00 00 00 46 00 00 00 01 00 16 00 ........F.......
3360   C0 3D 00 00 00 00 00 00 00 00 00 00 00 00 00 00 .=..............
3370   6D 00 00 00 02 00 10 00 40 11 00 00 00 00 00 00 m.......@.......
3380   00 00 00 00 00 00 00 00 79 00 00 00 01 00 15 00 ........y.......
3390   B8 3D 00 00 00 00 00 00 00 00 00 00 00 00 00 00 .=..............
33A0   98 00 00 00 04 00 F1 FF 00 00 00 00 00 00 00 00 ................
33B0   00 00 00 00 00 00 00 00 01 00 00 00 04 00 F1 FF ................
33C0   00 00 00 00 00 00 00 00 00 00 00 00 00 00 00 00 ................
33D0   A1 00 00 00 01 00 14 00 54 21 00 00 00 00 00 00 ........T!......
33E0   00 00 00 00 00 00 00 00 00 00 00 00 04 00 F1 FF ................
33F0   00 00 00 00 00 00 00 00 00 00 00 00 00 00 00 00 ................
3400   AF 00 00 00 00 00 15 00 C0 3D 00 00 00 00 00 00 .........=......
3410   00 00 00 00 00 00 00 00 C0 00 00 00 01 00 17 00 ................
3420   C8 3D 00 00 00 00 00 00 00 00 00 00 00 00 00 00 .=..............
3430   C9 00 00 00 00 00 15 00 B8 3D 00 00 00 00 00 00 .........=......
3440   00 00 00 00 00 00 00 00 DC 00 00 00 00 00 13 00 ................
3450   0C 20 00 00 00 00 00 00 00 00 00 00 00 00 00 00 . ..............
3460   EF 00 00 00 01 00 18 00 B8 3F 00 00 00 00 00 00 .........?......
3470   00 00 00 00 00 00 00 00 AB 01 00 00 02 00 0C 00 ................
3480   00 10 00 00 00 00 00 00 00 00 00 00 00 00 00 00 ................
3490   05 01 00 00 12 00 10 00 E0 11 00 00 00 00 00 00 ................
34A0   05 00 00 00 00 00 00 00 15 01 00 00 20 00 00 00 ............ ...
34B0   00 00 00 00 00 00 00 00 00 00 00 00 00 00 00 00 ................
34C0   6B 01 00 00 20 00 19 00 00 40 00 00 00 00 00 00 k... ....@......
34D0   00 00 00 00 00 00 00 00 31 01 00 00 12 00 00 00 ........1.......
34E0   00 00 00 00 00 00 00 00 00 00 00 00 00 00 00 00 ................
34F0   43 01 00 00 10 00 19 00 10 40 00 00 00 00 00 00 C........@......
3500   00 00 00 00 00 00 00 00 0F 01 00 00 12 02 11 00 ................
3510   E8 11 00 00 00 00 00 00 00 00 00 00 00 00 00 00 ................
3520   4A 01 00 00 12 00 00 00 00 00 00 00 00 00 00 00 J...............
3530   00 00 00 00 00 00 00 00 69 01 00 00 10 00 19 00 ........i.......
3540   00 40 00 00 00 00 00 00 00 00 00 00 00 00 00 00 .@..............
3550   76 01 00 00 20 00 00 00 00 00 00 00 00 00 00 00 v... ...........
3560   00 00 00 00 00 00 00 00 85 01 00 00 11 02 19 00 ................
3570   08 40 00 00 00 00 00 00 00 00 00 00 00 00 00 00 .@..............
3580   92 01 00 00 11 00 12 00 00 20 00 00 00 00 00 00 ......... ......
3590   04 00 00 00 00 00 00 00 A1 01 00 00 12 00 10 00 ................
35A0   70 11 00 00 00 00 00 00 65 00 00 00 00 00 00 00 p.......e.......
35B0   BB 00 00 00 10 00 1A 00 18 40 00 00 00 00 00 00 .........@......
35C0   00 00 00 00 00 00 00 00 6F 01 00 00 12 00 10 00 ........o.......
35D0   60 10 00 00 00 00 00 00 2F 00 00 00 00 00 00 00 `......./.......
35E0   B1 01 00 00 10 00 1A 00 10 40 00 00 00 00 00 00 .........@......
35F0   00 00 00 00 00 00 00 00 BD 01 00 00 12 00 10 00 ................
3600   49 11 00 00 00 00 00 00 26 00 00 00 00 00 00 00 I.......&.......
3610   C2 01 00 00 11 02 19 00 10 40 00 00 00 00 00 00 .........@......
3620   00 00 00 00 00 00 00 00 CE 01 00 00 20 00 00 00 ............ ...
3630   00 00 00 00 00 00 00 00 00 00 00 00 00 00 00 00 ................
3640   E8 01 00 00 22 00 00 00 00 00 00 00 00 00 00 00 ...."...........
3650   00 00 00 00 00 00 00 00 00 63 72 74 73 74 75 66 .........crtstuf
3660   66 2E 63 00 64 65 72 65 67 69 73 74 65 72 5F 74 f.c.deregister_t
3670   6D 5F 63 6C 6F 6E 65 73 00 5F 5F 64 6F 5F 67 6C m_clones.__do_gl
3680   6F 62 61 6C 5F 64 74 6F 72 73 5F 61 75 78 00 63 obal_dtors_aux.c
3690   6F 6D 70 6C 65 74 65 64 2E 38 30 36 30 00 5F 5F ompleted.8060.__
36A0   64 6F 5F 67 6C 6F 62 61 6C 5F 64 74 6F 72 73 5F do_global_dtors_
36B0   61 75 78 5F 66 69 6E 69 5F 61 72 72 61 79 5F 65 aux_fini_array_e
36C0   6E 74 72 79 00 66 72 61 6D 65 5F 64 75 6D 6D 79 ntry.frame_dummy
36D0   00 5F 5F 66 72 61 6D 65 5F 64 75 6D 6D 79 5F 69 .__frame_dummy_i
36E0   6E 69 74 5F 61 72 72 61 79 5F 65 6E 74 72 79 00 nit_array_entry.
36F0   73 61 6D 70 6C 65 2E 63 00 5F 5F 46 52 41 4D 45 sample.c.__FRAME
3700   5F 45 4E 44 5F 5F 00 5F 5F 69 6E 69 74 5F 61 72 _END__.__init_ar
3710   72 61 79 5F 65 6E 64 00 5F 44 59 4E 41 4D 49 43 ray_end._DYNAMIC
3720   00 5F 5F 69 6E 69 74 5F 61 72 72 61 79 5F 73 74 .__init_array_st
3730   61 72 74 00 5F 5F 47 4E 55 5F 45 48 5F 46 52 41 art.__GNU_EH_FRA
3740   4D 45 5F 48 44 52 00 5F 47 4C 4F 42 41 4C 5F 4F ME_HDR._GLOBAL_O
3750   46 46 53 45 54 5F 54 41 42 4C 45 5F 00 5F 5F 6C FFSET_TABLE_.__l
3760   69 62 63 5F 63 73 75 5F 66 69 6E 69 00 5F 49 54 ibc_csu_fini._IT
3770   4D 5F 64 65 72 65 67 69 73 74 65 72 54 4D 43 6C M_deregisterTMCl
3780   6F 6E 65 54 61 62 6C 65 00 70 75 74 73 40 40 47 oneTable.puts@@G
3790   4C 49 42 43 5F 32 2E 32 2E 35 00 5F 65 64 61 74 LIBC_2.2.5._edat
37A0   61 00 5F 5F 6C 69 62 63 5F 73 74 61 72 74 5F 6D a.__libc_start_m
37B0   61 69 6E 40 40 47 4C 49 42 43 5F 32 2E 32 2E 35 ain@@GLIBC_2.2.5
37C0   00 5F 5F 64 61 74 61 5F 73 74 61 72 74 00 5F 5F .__data_start.__
37D0   67 6D 6F 6E 5F 73 74 61 72 74 5F 5F 00 5F 5F 64 gmon_start__.__d
37E0   73 6F 5F 68 61 6E 64 6C 65 00 5F 49 4F 5F 73 74 so_handle._IO_st
37F0   64 69 6E 5F 75 73 65 64 00 5F 5F 6C 69 62 63 5F din_used.__libc_
3800   63 73 75 5F 69 6E 69 74 00 5F 5F 62 73 73 5F 73 csu_init.__bss_s
3810   74 61 72 74 00 6D 61 69 6E 00 5F 5F 54 4D 43 5F tart.main.__TMC_
3820   45 4E 44 5F 5F 00 5F 49 54 4D 5F 72 65 67 69 73 END__._ITM_regis
3830   74 65 72 54 4D 43 6C 6F 6E 65 54 61 62 6C 65 00 terTMCloneTable.
3840   5F 5F 63 78 61 5F 66 69 6E 61 6C 69 7A 65 40 40 __cxa_finalize@@
3850   47 4C 49 42 43 5F 32 2E 32 2E 35 00 00 2E 73 79 GLIBC_2.2.5...sy
3860   6D 74 61 62 00 2E 73 74 72 74 61 62 00 2E 73 68 mtab..strtab..sh
3870   73 74 72 74 61 62 00 2E 69 6E 74 65 72 70 00 2E strtab..interp..
3880   6E 6F 74 65 2E 67 6E 75 2E 70 72 6F 70 65 72 74 note.gnu.propert
3890   79 00 2E 6E 6F 74 65 2E 67 6E 75 2E 62 75 69 6C y..note.gnu.buil
38A0   64 2D 69 64 00 2E 6E 6F 74 65 2E 41 42 49 2D 74 d-id..note.ABI-t
38B0   61 67 00 2E 67 6E 75 2E 68 61 73 68 00 2E 64 79 ag..gnu.hash..dy
38C0   6E 73 79 6D 00 2E 64 79 6E 73 74 72 00 2E 67 6E nsym..dynstr..gn
38D0   75 2E 76 65 72 73 69 6F 6E 00 2E 67 6E 75 2E 76 u.version..gnu.v
38E0   65 72 73 69 6F 6E 5F 72 00 2E 72 65 6C 61 2E 64 ersion_r..rela.d
38F0   79 6E 00 2E 72 65 6C 61 2E 70 6C 74 00 2E 69 6E yn..rela.plt..in
3900   69 74 00 2E 70 6C 74 2E 67 6F 74 00 2E 70 6C 74 it..plt.got..plt
3910   2E 73 65 63 00 2E 74 65 78 74 00 2E 66 69 6E 69 .sec..text..fini
3920   00 2E 72 6F 64 61 74 61 00 2E 65 68 5F 66 72 61 ..rodata..eh_fra
3930   6D 65 5F 68 64 72 00 2E 65 68 5F 66 72 61 6D 65 me_hdr..eh_frame
3940   00 2E 69 6E 69 74 5F 61 72 72 61 79 00 2E 66 69 ..init_array..fi
3950   6E 69 5F 61 72 72 61 79 00 2E 64 79 6E 61 6D 69 ni_array..dynami
3960   63 00 2E 64 61 74 61 00 2E 62 73 73 00 2E 63 6F c..data..bss..co
3970   6D 6D 65 6E 74 00 00 00 00 00 00 00 00 00 00 00 mment...........
3980   00 00 00 00 00 00 00 00 00 00 00 00 00 00 00 00 ................
3990   00 00 00 00 00 00 00 00 00 00 00 00 00 00 00 00 ................
39A0   00 00 00 00 00 00 00 00 00 00 00 00 00 00 00 00 ................
39B0   00 00 00 00 00 00 00 00 1B 00 00 00 01 00 00 00 ................
39C0   02 00 00 00 00 00 00 00 18 03 00 00 00 00 00 00 ................
39D0   18 03 00 00 00 00 00 00 1C 00 00 00 00 00 00 00 ................
39E0   00 00 00 00 00 00 00 00 01 00 00 00 00 00 00 00 ................
39F0   00 00 00 00 00 00 00 00 23 00 00 00 07 00 00 00 ........#.......
3A00   02 00 00 00 00 00 00 00 38 03 00 00 00 00 00 00 ........8.......
3A10   38 03 00 00 00 00 00 00 20 00 00 00 00 00 00 00 8....... .......
3A20   00 00 00 00 00 00 00 00 08 00 00 00 00 00 00 00 ................
3A30   00 00 00 00 00 00 00 00 36 00 00 00 07 00 00 00 ........6.......
3A40   02 00 00 00 00 00 00 00 58 03 00 00 00 00 00 00 ........X.......
3A50   58 03 00 00 00 00 00 00 24 00 00 00 00 00 00 00 X.......$.......
3A60   00 00 00 00 00 00 00 00 04 00 00 00 00 00 00 00 ................
3A70   00 00 00 00 00 00 00 00 49 00 00 00 07 00 00 00 ........I.......
3A80   02 00 00 00 00 00 00 00 7C 03 00 00 00 00 00 00 ........|.......
3A90   7C 03 00 00 00 00 00 00 20 00 00 00 00 00 00 00 |....... .......
3AA0   00 00 00 00 00 00 00 00 04 00 00 00 00 00 00 00 ................
3AB0   00 00 00 00 00 00 00 00 57 00 00 00 F6 FF FF 6F ........W......o
3AC0   02 00 00 00 00 00 00 00 A0 03 00 00 00 00 00 00 ................
3AD0   A0 03 00 00 00 00 00 00 24 00 00 00 00 00 00 00 ........$.......
3AE0   06 00 00 00 00 00 00 00 08 00 00 00 00 00 00 00 ................
3AF0   00 00 00 00 00 00 00 00 61 00 00 00 0B 00 00 00 ........a.......
3B00   02 00 00 00 00 00 00 00 C8 03 00 00 00 00 00 00 ................
3B10   C8 03 00 00 00 00 00 00 A8 00 00 00 00 00 00 00 ................
3B20   07 00 00 00 01 00 00 00 08 00 00 00 00 00 00 00 ................
3B30   18 00 00 00 00 00 00 00 69 00 00 00 03 00 00 00 ........i.......
3B40   02 00 00 00 00 00 00 00 70 04 00 00 00 00 00 00 ........p.......
3B50   70 04 00 00 00 00 00 00 82 00 00 00 00 00 00 00 p...............
3B60   00 00 00 00 00 00 00 00 01 00 00 00 00 00 00 00 ................
3B70   00 00 00 00 00 00 00 00 71 00 00 00 FF FF FF 6F ........q......o
3B80   02 00 00 00 00 00 00 00 F2 04 00 00 00 00 00 00 ................
3B90   F2 04 00 00 00 00 00 00 0E 00 00 00 00 00 00 00 ................
3BA0   06 00 00 00 00 00 00 00 02 00 00 00 00 00 00 00 ................
3BB0   02 00 00 00 00 00 00 00 7E 00 00 00 FE FF FF 6F ........~......o
3BC0   02 00 00 00 00 00 00 00 00 05 00 00 00 00 00 00 ................
3BD0   00 05 00 00 00 00 00 00 20 00 00 00 00 00 00 00 ........ .......
3BE0   07 00 00 00 01 00 00 00 08 00 00 00 00 00 00 00 ................
3BF0   00 00 00 00 00 00 00 00 8D 00 00 00 04 00 00 00 ................
3C00   02 00 00 00 00 00 00 00 20 05 00 00 00 00 00 00 ........ .......
3C10   20 05 00 00 00 00 00 00 C0 00 00 00 00 00 00 00  ...............
3C20   06 00 00 00 00 00 00 00 08 00 00 00 00 00 00 00 ................
3C30   18 00 00 00 00 00 00 00 97 00 00 00 04 00 00 00 ................
3C40   42 00 00 00 00 00 00 00 E0 05 00 00 00 00 00 00 B...............
3C50   E0 05 00 00 00 00 00 00 18 00 00 00 00 00 00 00 ................
3C60   06 00 00 00 18 00 00 00 08 00 00 00 00 00 00 00 ................
3C70   18 00 00 00 00 00 00 00 A1 00 00 00 01 00 00 00 ................
3C80   06 00 00 00 00 00 00 00 00 10 00 00 00 00 00 00 ................
3C90   00 10 00 00 00 00 00 00 1B 00 00 00 00 00 00 00 ................
3CA0   00 00 00 00 00 00 00 00 04 00 00 00 00 00 00 00 ................
3CB0   00 00 00 00 00 00 00 00 9C 00 00 00 01 00 00 00 ................
3CC0   06 00 00 00 00 00 00 00 20 10 00 00 00 00 00 00 ........ .......
3CD0   20 10 00 00 00 00 00 00 20 00 00 00 00 00 00 00  ....... .......
3CE0   00 00 00 00 00 00 00 00 10 00 00 00 00 00 00 00 ................
3CF0   10 00 00 00 00 00 00 00 A7 00 00 00 01 00 00 00 ................
3D00   06 00 00 00 00 00 00 00 40 10 00 00 00 00 00 00 ........@.......
3D10   40 10 00 00 00 00 00 00 10 00 00 00 00 00 00 00 @...............
3D20   00 00 00 00 00 00 00 00 10 00 00 00 00 00 00 00 ................
3D30   10 00 00 00 00 00 00 00 B0 00 00 00 01 00 00 00 ................
3D40   06 00 00 00 00 00 00 00 50 10 00 00 00 00 00 00 ........P.......
3D50   50 10 00 00 00 00 00 00 10 00 00 00 00 00 00 00 P...............
3D60   00 00 00 00 00 00 00 00 10 00 00 00 00 00 00 00 ................
3D70   10 00 00 00 00 00 00 00 B9 00 00 00 01 00 00 00 ................
3D80   06 00 00 00 00 00 00 00 60 10 00 00 00 00 00 00 ........`.......
3D90   60 10 00 00 00 00 00 00 85 01 00 00 00 00 00 00 `...............
3DA0   00 00 00 00 00 00 00 00 10 00 00 00 00 00 00 00 ................
3DB0   00 00 00 00 00 00 00 00 BF 00 00 00 01 00 00 00 ................
3DC0   06 00 00 00 00 00 00 00 E8 11 00 00 00 00 00 00 ................
3DD0   E8 11 00 00 00 00 00 00 0D 00 00 00 00 00 00 00 ................
3DE0   00 00 00 00 00 00 00 00 04 00 00 00 00 00 00 00 ................
3DF0   00 00 00 00 00 00 00 00 C5 00 00 00 01 00 00 00 ................
3E00   02 00 00 00 00 00 00 00 00 20 00 00 00 00 00 00 ......... ......
3E10   00 20 00 00 00 00 00 00 0A 00 00 00 00 00 00 00 . ..............
3E20   00 00 00 00 00 00 00 00 04 00 00 00 00 00 00 00 ................
3E30   00 00 00 00 00 00 00 00 CD 00 00 00 01 00 00 00 ................
3E40   02 00 00 00 00 00 00 00 0C 20 00 00 00 00 00 00 ......... ......
3E50   0C 20 00 00 00 00 00 00 44 00 00 00 00 00 00 00 . ......D.......
3E60   00 00 00 00 00 00 00 00 04 00 00 00 00 00 00 00 ................
3E70   00 00 00 00 00 00 00 00 DB 00 00 00 01 00 00 00 ................
3E80   02 00 00 00 00 00 00 00 50 20 00 00 00 00 00 00 ........P ......
3E90   50 20 00 00 00 00 00 00 08 01 00 00 00 00 00 00 P ..............
3EA0   00 00 00 00 00 00 00 00 08 00 00 00 00 00 00 00 ................
3EB0   00 00 00 00 00 00 00 00 E5 00 00 00 0E 00 00 00 ................
3EC0   03 00 00 00 00 00 00 00 B8 3D 00 00 00 00 00 00 .........=......
3ED0   B8 2D 00 00 00 00 00 00 08 00 00 00 00 00 00 00 .-..............
3EE0   00 00 00 00 00 00 00 00 08 00 00 00 00 00 00 00 ................
3EF0   08 00 00 00 00 00 00 00 F1 00 00 00 0F 00 00 00 ................
3F00   03 00 00 00 00 00 00 00 C0 3D 00 00 00 00 00 00 .........=......
3F10   C0 2D 00 00 00 00 00 00 08 00 00 00 00 00 00 00 .-..............
3F20   00 00 00 00 00 00 00 00 08 00 00 00 00 00 00 00 ................
3F30   08 00 00 00 00 00 00 00 FD 00 00 00 06 00 00 00 ................
3F40   03 00 00 00 00 00 00 00 C8 3D 00 00 00 00 00 00 .........=......
3F50   C8 2D 00 00 00 00 00 00 F0 01 00 00 00 00 00 00 .-..............
3F60   07 00 00 00 00 00 00 00 08 00 00 00 00 00 00 00 ................
3F70   10 00 00 00 00 00 00 00 AB 00 00 00 01 00 00 00 ................
3F80   03 00 00 00 00 00 00 00 B8 3F 00 00 00 00 00 00 .........?......
3F90   B8 2F 00 00 00 00 00 00 48 00 00 00 00 00 00 00 ./......H.......
3FA0   00 00 00 00 00 00 00 00 08 00 00 00 00 00 00 00 ................
3FB0   08 00 00 00 00 00 00 00 06 01 00 00 01 00 00 00 ................
3FC0   03 00 00 00 00 00 00 00 00 40 00 00 00 00 00 00 .........@......
3FD0   00 30 00 00 00 00 00 00 10 00 00 00 00 00 00 00 .0..............
3FE0   00 00 00 00 00 00 00 00 08 00 00 00 00 00 00 00 ................
3FF0   00 00 00 00 00 00 00 00 0C 01 00 00 08 00 00 00 ................
4000   03 00 00 00 00 00 00 00 10 40 00 00 00 00 00 00 .........@......
4010   10 30 00 00 00 00 00 00 08 00 00 00 00 00 00 00 .0..............
4020   00 00 00 00 00 00 00 00 01 00 00 00 00 00 00 00 ................
4030   00 00 00 00 00 00 00 00 11 01 00 00 01 00 00 00 ................
4040   30 00 00 00 00 00 00 00 00 00 00 00 00 00 00 00 0...............
4050   10 30 00 00 00 00 00 00 2A 00 00 00 00 00 00 00 .0......*.......
4060   00 00 00 00 00 00 00 00 01 00 00 00 00 00 00 00 ................
4070   01 00 00 00 00 00 00 00 01 00 00 00 02 00 00 00 ................
4080   00 00 00 00 00 00 00 00 00 00 00 00 00 00 00 00 ................
4090   40 30 00 00 00 00 00 00 18 06 00 00 00 00 00 00 @0..............
40A0   1D 00 00 00 2E 00 00 00 08 00 00 00 00 00 00 00 ................
40B0   18 00 00 00 00 00 00 00 09 00 00 00 03 00 00 00 ................
40C0   00 00 00 00 00 00 00 00 00 00 00 00 00 00 00 00 ................
40D0   58 36 00 00 00 00 00 00 04 02 00 00 00 00 00 00 X6..............
40E0   00 00 00 00 00 00 00 00 01 00 00 00 00 00 00 00 ................
40F0   00 00 00 00 00 00 00 00 11 00 00 00 03 00 00 00 ................
4100   00 00 00 00 00 00 00 00 00 00 00 00 00 00 00 00 ................
4110   5C 38 00 00 00 00 00 00 1A 01 00 00 00 00 00 00 \8..............
4120   00 00 00 00 00 00 00 00 01 00 00 00 00 00 00 00 ................
4130   00 00 00 00 00 00 00 00                         ........
